2.2589623405990338e-09
1.1202733517022484e-08
1.7163440257850524e-09
6.396255444824951e-09
1.731725958807945e-09
4.626830798434603e-09
3.2714937632156543e-09
2.139623709535022e-09
1.6465312490611187e-09
3.17370338260478e-09
8.506912260836887e-09
7.536858981245492e-09
3.545089776344982e-09
1.6623834690486577e-09
1.213082093754598e-09
0.16150954899908743
5.198834877704372e-09
4.024139197275706e-09
5.752227267151386e-09
2.328807589991601e-09
9.634233264713202e-09
2.042269012532162e-09
3.971077607448646e-09
1.7114587715077413e-09
1.8019907060949403e-09
8.54250730623592e-09
2.37834655199333e-09
7.4053549195091075e-09
1.0899109311467058e-08
1.8298098350280684e-09
4.190464141199829e-09
4.598235201663031e-09
2.935412613559578e-09
3.624469405415252e-09
3.848188379195463e-09
1.6694655980553264e-09
9.766354461224857e-09
2.70562359444533e-09
2.5987864830005256e-09
2.152006261255114e-09
4.4384731222633594e-09
1.3766927757565279e-08
3.2934082860287085e-09
3.4949974616795756e-09
2.793336980695716e-09
2.6882621234306136e-09
2.184919300442521e-09
3.5522309006818224e-09
2.410097822510693e-09
0.9529805827338547
1.891796871671184e-09
1.3200099112824723e-09
3.4930677322844394e-09
4.596546169557727e-09
2.020023889496206e-09
0.0013798366329880764
3.819797244228116e-09
1.1937067323956039e-09
5.385297900484127e-09
0.17531423955922354
2.9505767895577917e-09
1.4370544454869878e-08
6.935481841555152e-09
1.7884570876516834e-09
2.977661345868518e-09
6.156199962559738e-09
1.6656245296416577e-09
0.24635554605264687
3.048583510456104e-09
1.5702023900873107e-09
4.961956368782334e-09
1.3636026121751835e-09
5.205903394626473e-09
2.6032231039462928e-09
3.4212388038776934e-09
2.8336115288593495e-09
6.659748074166892e-09
5.221437938888774e-09
3.4831858543632414e-09
0.5649263615192244
1.4367323024039483e-09
3.0238522170341915e-09
7.891271195842203e-09
0.9999999963953979
1.929668626712833e-08
4.034136702185703e-09
4.379591596172877e-09
2.19726888396426e-09
5.859023938275201e-09
2.5645897241596995e-09
2.050787410072964e-09
2.106485486531299e-09
2.1006663614715244e-09
1.7169715671860956e-09
2.116663908493794e-09
2.7672766092056365e-09
2.0804006838623537e-09
0.3344597493568483
2.044281176646494e-09
3.798842032616536e-09
1.0205357533290185e-09
3.3900675308646267e-09
0.14052286624433202
3.061727783148697e-09
1.0510184483028076e-08
2.1513702578984998e-08
2.509686128255983e-09
2.4826213572293e-09
2.3231643149952904e-09
3.738633953275876e-08
0.5919184863891759
5.3059898900711e-09
2.3485493930370715e-09
4.097928936353451e-09
1.0591046279595837e-08
2.9223027844589234e-09
3.2307190941600494e-09
2.6229808788151516e-09
4.9449906549297525e-09
8.864042136642838e-09
2.445409843059553e-09
7.915976560336928e-09
3.4607383622272276e-09
1.7422890028525386e-09
0.714285471134204
2.229324155852403e-09
3.182627653355138e-09
1.782644783441158e-09
3.0989118983002636e-09
2.5750279357911133e-08
1.7815868465674677e-09
2.7065042211369816e-09
1.248948007936983e-09
0.39866079458372067
2.9830314611767253e-09
7.032834063733692e-09
1.9223566577200813e-09
0.21656838936017977
4.270366415051716e-09
6.4508625550148455e-09
4.305264369908648e-09
2.1445130368034246e-09
4.697544615838795e-09
3.6326951593329963e-09
5.833793996375722e-08
2.1457364021653427e-09
3.750667473640905e-09
2.1171355871724386e-09
2.6248705370997854e-09
1.564523101013778e-09
1.603369375535729e-07
2.6370469628140517e-09
2.382785790085724e-09
6.101172693577134e-09
0.9999999939773596
1.6884825965406653e-09
3.5603625028655677e-09
1.7419141286229676e-09
4.537834382130596e-09
3.5884167716408345e-09
1.699889246377998e-09
1.3360162683510006e-09
0.16191257451629165
2.7260390525078573e-09
3.885900954806067e-09
1.1701999438265695e-09
0.11189406199658136
2.5727327573188603e-09
3.547774313268742e-09
5.8949637790657685e-09
2.110362849769577e-09
1.9030873472919187e-08
5.657930715857539e-09
3.365448246834085e-09
3.650151464087786e-09
1.3304925485290151e-08
3.351602182346393e-09
3.152817528894859e-09
2.3223400190426366e-09
1.662581512595286e-08
0.06219325820753265
2.7144256696370845e-09
3.887750460888458e-09
2.589505501879555e-09
2.4459819856661883e-08
4.757727220004873e-09
3.75126952169067e-09
3.338515903627768e-09
2.172241611577528e-09
1.7805454437950128e-09
1.4501832983732447e-08
6.4023688037050116e-09
3.6948581195311616e-09
7.918982996516225e-09
1.0943604371968647e-08
6.765349990363144e-09
4.421616345549579e-09
1.6366220724930318e-09
2.4556013365609832e-09
2.4799255846301893e-09
2.5527209528661078e-09
2.6215619150803227e-09
4.49241667151983e-09
2.8237311666998634e-09
2.3790225464664957e-09
1.959027132980711e-08
1.9104794598250454e-09
1.5398232157934636e-09
1.3999352743214854e-09
2.3429610141611996e-09
2.1972880529917106e-09
2.1025766602169244e-09
1.8543732592555516e-09
2.476831011711136e-09
1.632600682021889e-09
6.1394486397701386e-09
1.0372044188566146e-08
3.1988663862442973e-09
1.235630627478639e-08
2.484237411354577e-09
4.275512848839895e-09
2.88356896118646e-09
2.1794747955326854e-09
2.586340193151312e-09
1.2288579026473879e-06
9.740699772138636e-09
1.9259020379187546e-09
4.029133928979609e-09
2.859973437208178e-09
1.0537047279126961e-08
2.9064976873772846e-09
1.4660616005967327e-09
1.9092777461889613e-09
2.8171409148191242e-09
2.3188855480355944e-09
5.899402434013705e-09
3.7450701733067375e-09
3.1340082708874295e-09
2.3827854331672505e-09
7.697438650918277e-09
2.274740443503891e-09
1.5060698780626326e-09
1.3987620121771988e-09
2.2152270863971914e-08
5.656603531418961e-08
3.335573649209245e-09
3.779083357827972e-09
2.3455430999432987e-09
2.703229115294032e-09
2.6472712678082363e-09
3.2427235300226382e-09
1.9726136774719716e-09
4.507756075476878e-09
0.2159158521686529
3.291809978436488e-09
3.682726850513421e-09
6.7451592315484846e-09
2.651819256653538e-09
3.666813079673326e-09
1.852808347113262e-09
3.3849407519725937e-09
3.938443145003325e-09
2.8366556015282586e-09
1.2475496683559724e-09
3.060369038410555e-08
2.2885067770657647e-09
2.4528015441944433e-09
3.5499677645146945e-09
6.376327488021937e-09
2.698439500554172e-09
1.96278048805766e-09
1.62319411630188e-09
3.9617462288721085e-09
7.395357999833077e-09
3.846523120493904e-09
2.318059667315383e-09
1.7281540606368633e-09
1.4102110960495872e-09
2.205030217530081e-09
1.652588772929449e-09
3.167221575949753e-09
2.5254808901908333e-09
7.575800206699023e-09
3.109051432720831e-09
2.251563880059352e-09
2.3222566647250585e-09
2.1013823589240355e-09
4.309607608532635e-09
2.4828890211269774e-09
1.3922448845467616e-09
2.930280139702622e-09
3.4987706175168507e-09
3.1157927338818577e-09
3.012391973252816e-09
0.5660480029000389
1.6907756049887743e-09
2.4832254626299934e-09
1.654896751526323e-07
9.873657509384349e-09
1.4370107884611705e-09
2.250220793718314e-09
1.6092197873817356e-09
3.747022775897161e-09
0.12310456264389162
3.1883819091026146e-09
5.288862688990441e-09
2.943772678763791e-08
3.400558402035328e-09
6.88695499169726e-09
1.86815424027902e-09
2.6271177874531396e-09
2.699643987563348e-09
4.034951839496927e-09
1.2286634118736446e-09
2.0545891559632168e-09
7.232367421102968e-09
1.9798297660642373e-08
2.2797987834791182e-09
4.92344217187953e-09
1.6057891760012763e-09
4.291193434800812e-09
1.4763785993909395e-09
6.221901220765437e-09
4.785089744711381e-09
2.0261703841515404e-09
8.47130560158374e-09
2.9932191222348273e-09
9.965141172136195e-09
2.2682921232442807e-09
1.7649130974621518e-09
3.020487526181948e-09
4.471304373824343e-09
1.8871719153077978e-09
3.0832132194454734e-09
3.034266254664502e-09
2.30232451367059e-09
7.265639002979594e-09
2.8957952188665285e-09
1.859223871067016e-09
4.811118760266835e-09
5.40239327364891e-09
4.376933826655099e-09
2.355153212195954e-09
6.732103068284604e-09
1.888896594614587e-09
7.593964588166512e-09
5.225552137650538e-09
1.2527727725279987e-08
9.93568459457264e-10
3.228580749519529e-09
2.1603474491059437e-08
5.610404707168156e-09
2.0486616179706472e-09
2.692063605634502e-09
1.4677533371510525e-09
2.900238594568984e-09
6.987020104470319e-09
2.7688536626396113e-08
2.5037823089575998e-09
1.2669340916738696e-08
0.9999999884636732
1.411232858214798e-09
3.830962662602388e-09
2.8656493548970094e-09
2.1880777188918587e-09
2.5039549010878146e-09
1.9866852588614234e-09
2.8519225816691683e-09
3.696716895838358e-09
1.6547735364923668e-09
1.6780782233090117e-09
1.8087726309043788e-09
2.246353174568787e-09
7.812171340720627e-09
3.4419593807157446e-09
5.29667058290556e-09
0.06029212871544887
4.869433168122765e-09
2.0572491023844695e-09
3.3903539655497308e-09
1.3171224721274248e-08
1.4112591391267533e-09
6.543192839085515e-09
2.1606121466047812e-09
6.993953804356398e-09
5.2927609938796565e-09
4.267134937236248e-09
1.293806753307548e-09
7.987744494014448e-09
2.469948755154999e-09
3.239305320284329e-09
1.573823002763426e-09
1.5719938658877065e-09
1.6728627480206794e-09
8.5566039184837e-08
1.7362599217233109e-09
0.1567897271360712
2.4436560665308875e-09
0.999999940692938
4.869170815918788e-09
0.6157098635347846
0.999999987120388
1.5700909952422288e-09
2.6603812876149e-09
1.7985466542284616e-08
5.387348685030515e-09
1.8351433605140061e-09
2.3110466000932993e-09
8.851989743295989e-09
1.758165443041433e-09
1.562887837108974e-07
2.850371448666378e-09
0.9999999796302556
2.2985483265831376e-09
1.1154582633151078e-07
3.0301207171061345e-09
1.61292247921379e-09
3.29763137488795e-09
1.0432574691883371e-08
1.139263391591833e-08
9.160510139277551e-09
2.178716985323742e-09
1.7601495236984282e-09
1.6891486331571058e-09
2.4872077018397977e-08
0.8515265155310485
3.8278993728580425e-09
2.110812303686966e-09
1.634077235515232e-09
3.980133361616679e-09
2.2730621409531793e-09
3.2251991326151258e-09
4.484696709770277e-09
6.15359500571067e-09
1.4693890845243232e-09
3.219703149639933e-09
6.552627259130556e-09
9.605767370072674e-09
2.6657140354078366e-09
4.807449991903959e-09
9.696477639928044e-09
3.425416639995914e-09
5.327572677991107e-09
1.9435768284445354e-09
2.0963484770192186e-09
5.934034980768389e-09
3.134136914724888e-09
4.0706825948216776e-09
4.856121609704511e-09
4.678555044669203e-09
4.658897866472068e-09
3.2523710552865013e-09
5.433206292826416e-09
2.6233614343375716e-09
2.990257754366799e-09
1.9521184883843337e-08
0.9999999664940409
1.735027846106027e-09
8.00680391830221e-09
1.3482029811353885e-09
8.705842522760845e-09
5.078519639453299e-09
2.2282953499117647e-09
1.3627753876956817e-09
3.694404165531066e-09
1.3072965345496537e-09
1.8860932210441277e-09
1.7186476931837763e-09
2.7910073990169106e-09
3.1810064023301732e-09
3.566002877046301e-09
2.031916938274195e-09
2.9732770972163654e-09
2.9155569772424954e-09
8.910549938612854e-09
2.3215003493483657e-09
1.6798098312307952e-09
2.4686620258853284e-09
7.731985010629499e-09
0.9999999905351188
2.181712983697352e-09
6.9340553576676984e-09
2.9802795995778486e-09
6.521543438187616e-09
5.960068819092427e-09
4.1397568876203335e-09
1.8809603232798785e-09
3.2836788069502966e-09
3.36841401739254e-08
3.094960877344598e-09
7.267662687612656e-09
4.386133886561208e-09
1.747195006545465e-09
9.642925913329137e-09
5.941010657988645e-09
2.5776373318623824e-09
0.31049147567848284
9.170995088402608e-09
2.148549242709857e-09
6.031570450042406e-09
7.923649404291034e-09
2.9543167919597106e-09
1.8271670387984507e-09
1.6546088286763035e-09
2.5518556817463616e-09
9.901478335428118e-09
2.968618235427227e-09
2.5125919662036674e-08
4.57276166262417e-09
1.924974209104111e-09
1.9865504600303293e-09
0.999999961027405
1.5288454889991668e-09
1.746652161213023e-09
1.1521454081039782e-09
1.3712566999391987e-07
2.2631505214363208e-09
1.7820968106836411e-09
1.4705617416928402e-08
1.8549222666295025e-09
1.8730159071196946e-09
5.711410593510972e-09
3.1686634421731947e-09
3.1776652429615127e-09
4.114380842994298e-09
4.42290148345361e-09
3.7306818071217735e-09
2.205088710169112e-09
2.2769021160355308e-08
7.037408773005785e-07
1.8384371276402085e-09
1.878344287816313e-09
1.6196348658932432e-09
1.3277714933689907e-08
3.113434093184857e-09
0.9999999876936799
2.0113859727079466e-09
4.770241184793549e-09
3.6909276927958176e-09
0.12931140787026427
5.753787427834231e-09
8.539613300863322e-09
2.877454057818233e-09
5.300103760783773e-09
1.3012807093499158e-09
2.3124794117352524e-09
7.029608515704271e-09
1.6934884893335977e-09
7.0911105230055556e-09
1.8448894718285565e-09
1.7056488410732034e-09
2.3051700478525157e-09
1.4876588829572608e-09
7.386377769675614e-09
1.632835008764142e-09
3.5221404744227253e-09
3.4753074371561086e-09
1.6708023384026143e-09
1.7677683059738883e-09
2.82681158180547e-09
1.5146480915221212e-09
1.5452307134245587e-09
7.882371970443743e-09
1.1926196833550706e-08
2.604703814234332e-09
5.381747088062348e-09
3.830971327085282e-09
3.1831775260818284e-09
2.514770019502096e-09
2.6368192615159044e-09
1.492184649511932e-08
2.655995227902541e-08
0.9999999886300296
5.172842493027459e-09
2.2143244984098007e-09
0.1356867312396483
2.2677093281147854e-09
7.997848538563957e-09
2.0950074235861785e-09
2.658837341558235e-09
3.767465787730546e-09
4.356339970773664e-09
4.509968680119745e-09
1.5944146478099683e-09
5.8018331548834355e-09
1.3224100284005507e-09
3.4183207047766736e-09
1.7473219727690955e-09
1.6547754267111573e-08
3.2454381637122385e-09
2.4945492238997853e-09
2.404137591363708e-09
2.462399974476906e-09
3.920540564896569e-09
1.7038221774635489e-09
1.181711543397407e-09
1.5136356338847033e-09
1.2068587195310754e-09
2.136352209429373e-09
2.4736957388623048e-09
1.7791406972251198e-09
3.011818795387808e-09
0.9999998712935193
3.059175240053389e-09
0.999999985015175
5.856322872179259e-09
3.109401380477888e-09
3.847888182324306e-09
4.155861281737421e-09
3.3357994073589927e-09
3.172905459035537e-09
1.4396689895928122e-09
4.297044701572561e-09
3.720924138728625e-09
1.9817023231725903e-09
3.3828970356867916e-09
1.7563883301554684e-09
3.690799491085292e-09
2.4929343709926233e-08
5.2900518419953365e-09
3.6339552355804596e-09
8.518040326907611e-09
5.334435224112007e-09
1.5987633406753396e-09
2.1772025633453042e-09
4.063307131531979e-09
2.3288328316331255e-09
2.5491996121398504e-09
1.7370256113633164e-08
2.4382641704751793e-09
2.255423551022014e-08
2.176094299481229e-09
4.079451384504057e-08
1.684280429157525e-09
1.8647490161922845e-09
3.827370046428156e-09
3.0440219462384208e-09
1.1889354412049542e-09
3.2608925751512987e-09
3.273615259494927e-09
3.909542086745377e-09
1.59304020766834e-09
2.7789865383500754e-09
2.6013009447172987e-09
5.684346863795124e-09
4.34394694400374e-09
6.321047021791564e-09
1.892402659148267e-09
8.527333965551451e-09
4.1927116368069074e-09
2.4071074214059494e-09
4.2808309327877705e-09
2.547633346883707e-09
7.783949788935031e-09
7.998313197458936e-09
4.832023825984744e-09
4.631561464020774e-09
2.709071257753063e-09
6.5799112063716315e-09
4.2864064888841046e-09
7.56391746610575e-09
2.848632139018309e-09
2.3499726164451628e-09
1.658603081723945e-09
1.2651457293262371e-09
2.6663889161644583e-09
2.133152992027735e-09
1.992069806420619e-09
2.690008210396627e-09
1.3388233218448895e-09
2.6921411276374812e-08
1.1024462047411657e-08
2.6048289172925503e-09
2.3590358098354654e-09
1.368841326633204e-08
4.574487050936886e-09
3.4066689905284663e-09
9.198466575925766e-09
3.2932488720873114e-09
2.2307322287536704e-09
3.774919073174838e-08
2.818366523490343e-09
1.204786087814023e-09
2.0194578607436895e-09
5.121997757659613e-09
4.106945959420656e-09
1.6940615706377947e-09
1.4810710985365562e-07
7.188487808028481e-09
4.59371197203752e-09
3.204253457422914e-08
2.1535014534887187e-09
2.3634018910384763e-09
3.899342824408725e-09
0.04430620138060174
2.7827311001985245e-09
0.010197383517244106
1.8407685242632499e-09
2.6395208543005e-09
2.033273841037393e-09
8.304364087731139e-08
3.028088881641874e-09
5.2747953037723474e-09
8.57638092347308e-09
4.14501312160949e-09
0.7793691581393448
0.40193564685149175
3.277842402057809e-09
0.7307470251151895
3.222011503339392e-09
3.268505429122733e-09
0.2911948080269678
0.999999988955662
2.8981099719619195e-09
2.2130254700996513e-09
4.604112987537939e-09
3.16893804821287e-09
8.344291755092921e-09
1.469907075171639e-09
2.4552066769652484e-09
3.256834844421663e-09
3.355076890622342e-09
3.3356414412667846e-09
5.982852338503683e-09
1.912969679471655e-09
2.4567285767929094e-09
2.783052520147089e-09
0.8545445442492817
0.9999999904990331
1.6714509869100243e-09
0.02454871539000394
3.2452425903583864e-09
5.630987356748117e-09
9.145233295379998e-09
7.103288942964927e-09
1.4081745817409867e-08
2.150113140015717e-09
1.6252410880938518e-09
0.999999989106519
1.8430848562100217e-09
0.8573315014560794
7.232460791756154e-09
5.917430736023686e-09
1.579000166103132e-09
5.005893135454018e-09
2.4196656215206877e-09
2.5627568272105866e-09
6.387975597502514e-09
1.471106745858537e-08
1.1209031861590642e-09
3.913929264835875e-09
1.8326937582284633e-08
5.742559822836563e-09
4.409082438183006e-09
0.9999999808815524
2.9454465928987414e-09
0.2946380198732548
1.7188638584828352e-09
2.5590625824339967e-09
5.2369245885376864e-08
3.391103894782883e-09
5.25668353491142e-09
2.5031707554474533e-09
1.5800739842241722e-09
4.3097131225954895e-09
6.398166174856635e-09
2.956843664180668e-09
4.028791336543914e-09
3.0707758363239516e-09
0.9436770084517233
2.876012776392367e-09
2.159958691888747e-09
3.2978052435804936e-09
3.227188225539774e-09
1.1203919464565809e-08
2.3248689331626953e-09
4.3247243097841907e-07
0.9999998321662201
2.942592378734037e-09
3.1075873903048315e-09
3.1474284402810952e-09
1.5055311862335998e-09
1.4279020133536972e-09
2.257970650892156e-09
1.1806970374712503e-08
4.800862824204607e-09
0.32063259709615693
1.6457729960521512e-09
3.7698221597292e-09
2.806586314549878e-09
3.6611950113387455e-09
3.0553134210464763e-09
0.42556357736395584
5.092292629203273e-09
2.3469895390679196e-09
4.377193638336594e-08
1.1777303279594306e-08
8.522106088810707e-09
3.4029437019756437e-09
4.542061970037199e-09
3.6642734216962287e-09
0.9999999683696051
3.4914166812659652e-09
3.5579396143995685e-09
2.7300285515859785e-09
1.893486276304252e-08
1.7154133690772714e-09
3.508016132030204e-09
5.445105416051533e-09
1.3244477906551709e-09
4.42891034366218e-09
6.40765512688191e-09
6.249937202457915e-09
3.828442143172625e-09
5.869997941164492e-09
1.1105010791283646e-08
2.9275147009756192e-09
1.1165903014333142e-09
5.042637649149733e-09
2.4495653025098467e-09
2.8224746286775097e-09
6.797457267199745e-08
0.7084820925368016
6.269829779141592e-09
3.2950324312951272e-09
2.451236170366021e-09
3.036189214942927e-09
3.531425418972103e-09
3.97487569560736e-09
2.6417951319144828e-09
1.4310872366288025e-08
5.3977214202061e-09
0.5435748985999808
5.83213041869234e-09
7.580463168458564e-09
6.037840572850487e-09
5.8441888037234666e-09
2.2273977396164536e-09
2.081742979204789e-09
2.0201379980081816e-09
2.5473127163721086e-08
4.5689898216506794e-09
1.8160186322690979e-09
1.4388375756583177e-08
0.9999999935012568
5.401617093186556e-09
5.036682084063236e-09
5.1986252047693964e-09
2.8262210144798526e-09
4.783852944688074e-09
1.9108408348745437e-09
2.5301838919122234e-09
9.3631742697096e-09
2.80242538358962e-09
1.5502500371588003e-09
3.5270103184939245e-09
0.9999999141466933
7.913116633385537e-09
1.6241326670419568e-09
0.1475471221537907
4.110676790169018e-09
1.3493846493672989e-08
1.5119571513824583e-08
2.2115868931061056e-09
8.527784381558612e-09
0.9999999911025519
1.9116799260190436e-09
4.60741220527487e-09
0.9999999813274166
5.801811208193331e-09
1.9503169372657867e-09
1.7094425406746969e-09
3.260039469663642e-09
7.398760889168351e-09
2.2008762504298924e-09
3.646383007632511e-09
2.4082426975472916e-09
5.534517846032801e-09
2.65664426618091e-09
3.3735742675911646e-09
1.7146077276544158e-09
2.1070047927555143e-09
0.7088811110285556
2.1522484709210767e-09
1.9475196123079957e-09
2.1321026065431456e-09
2.129275580587557e-09
1.56533120929111e-09
1.6143852578260904e-09
2.4371188777734402e-09
4.371192819429267e-09
4.150005372940573e-09
3.265220525332608e-09
1.59648695432468e-09
8.06984605596398e-09
0.23887924920249032
3.1595300725995303e-09
3.826776144344817e-09
8.288924930809346e-09
2.6988591367040958e-09
4.830957677454415e-09
2.7015521011682453e-09
1.896586337629381e-09
3.746606156825255e-09
0.999999976503284
3.1808856983497615e-09
3.1693519958351554e-09
2.300260368857082e-09
6.090751123865078e-09
1.2973138092318918e-09
9.733966487623527e-09
1.1994482726733494e-08
2.4601954296239496e-09
3.575329495560529e-09
2.4933591285660615e-09
1.5006724023064026e-09
6.372033060135489e-09
1.7322939314247724e-09
2.6043226810934117e-08
1.7251482815941648e-09
4.404309163949566e-09
7.145878502268677e-09
1.31887082667766e-08
5.72832608854038e-09
4.4758878101657e-09
0.9999999267409991
1.0150415746614172e-08
4.050226411602322e-09
0.6971461008475969
1.6076726270252437e-08
1.5512946009735506e-08
1.1942251944366066e-07
2.1731836091894042e-09
3.5485248991930878e-09
0.37930366579608793
1.8987534566204e-09
6.017777047404088e-09
2.294872209732755e-09
3.510705569078986e-09
3.7474342882452555e-09
1.8484492413953915e-08
9.143066766770377e-09
2.4418727728351522e-08
4.246146324522975e-09
0.11843141420286436
1.8782953566490165e-09
1.5199072688859556e-09
0.8583524521914113
2.6755324758623827e-09
5.439565029703196e-09
2.1038501313588496e-09
7.292738754990301e-09
5.24499190747071e-09
1.465112278531991e-09
1.8245802519671975e-08
2.823678710562013e-09
0.24951187001155395
1.3759708976478022e-09
5.016105809559289e-09
2.2602668507343498e-09
2.181595626659207e-09
0.6922026153179498
3.117595648248171e-09
2.2714632329121254e-09
2.78726144768914e-08
1.779074897551294e-09
4.362973662838499e-09
1.9487132611810688e-09
8.23962625246562e-09
2.587291442863291e-09
0.9999999853233267
2.414804117433144e-09
1.644437572287405e-09
1.551493006473986e-09
3.6217790126290846e-09
4.6930595703347185e-09
2.836917134949652e-09
1.9291971615875766e-08
2.469128499648631e-09
1.7806806128760525e-09
4.849705546231788e-09
3.3000430929502724e-09
8.538133204836501e-09
2.247903090819828e-09
5.592259707489764e-09
2.904924373437274e-09
1.8524334698199084e-09
1.4569594066683687e-09
4.442713758280842e-09
6.364060186935417e-09
2.084961258824616e-09
4.402391841659978e-09
4.0736485440227725e-09
1.95994070173265e-09
5.608695837872546e-09
2.481612125470098e-09
6.414088941389984e-08
0.807612672917224
1.0645578493773118e-08
6.532389409747877e-09
3.821409770837159e-09
2.3572602535656326e-09
3.336544791504869e-09
1.6109032752278205e-09
3.196975500502461e-09
9.847724166979348e-09
1.6750838275659523e-09
1.397463023699791e-09
0.11414257713059875
4.4930817650633276e-09
2.748830890340232e-09
2.8290536343285395e-09
4.130084036124876e-09
0.05106632275702417
1.3548186463245214e-09
1.9085626834905678e-08
5.501538565539958e-09
8.004968507829635e-09
3.971415189090642e-09
3.499146398722303e-09
2.535860844871862e-09
2.7778835953681205e-09
9.991773132374891e-09
4.5237923167339495e-09
2.0408405867381184e-09
0.9999999601279872
1.1587609374225064e-08
2.277162109776552e-09
1.7119594431883699e-09
3.417291020057836e-09
1.993110736894886e-09
5.511785711211673e-09
1.5145651155049004e-09
7.1841873209062176e-09
1.027787247466558e-08
1.9284258747514188e-08
4.1941446742744886e-09
5.92346497402082e-09
0.18240696312766183
2.0420678726450597e-09
5.082002149412901e-09
5.262114589451189e-07
1.6445802490563052e-09
9.686647998016996e-09
1.8692591236455616e-09
5.050516366912432e-09
1.8939664609363806e-09
0.3945740174746745
3.728268514293003e-09
6.554171683354224e-09
3.607876516516482e-09
0.6311644436906629
2.1828065132560416e-09
1.9699584712715438e-09
0.1282858068452207
2.242994125384193e-09
0.9999999952662805
7.161109478949576e-09
2.257592056810685e-08
2.9918357970735804e-09
2.555173501271876e-08
5.898060427339875e-09
2.9439728290361507e-09
1.4739576166633158e-08
0.2340287421169005
0.14544407470305565
4.781456634849339e-09
2.3585070177325585e-09
1.923227164744748e-09
1.8440322445335997e-09
4.0112588654316285e-09
1.4670904617275642e-09
2.4911932014128313e-09
1.5893407380864283e-09
2.310492567656621e-09
1.664869225053201e-09
1.8535657811253687e-09
2.5731963177171688e-09
8.651716800127819e-09
1.8591179992028682e-09
3.948836347620924e-09
6.846564449724655e-09
5.639127510848724e-09
3.0031442872182883e-09
0.2708880120359669
2.664370801263844e-09
2.4474295406014452e-09
1.2676211775292143e-09
1.5096192686825582e-09
8.012795729432201e-09
1.3310763304873786e-09
3.046057981001002e-09
3.7197557437108067e-09
1.4194998996374084e-09
2.663173458428137e-09
2.1441601873100347e-09
1.1196670399942579e-09
6.894325418525172e-09
2.485945520337654e-07
7.016564771484676e-09
2.3219975521025886e-09
2.7867969307782613e-09
0.542252490467991
1.3656734997209987e-08
1.7449065122231179e-09
2.76835787003105e-09
2.164620054086441e-09
3.1725666631551158e-09
1.7136886281894282e-09
1.3680484490454867e-09
3.665473947288907e-09
8.272271534056247e-09
3.782453887605726e-09
0.3867127964321394
2.1589524583480315e-09
4.31191040729449e-09
1.3449890597948974e-08
3.1925957610777e-09
3.946913785108333e-09
1.5967603829267925e-09
2.3351563594717223e-09
1.75238435300038e-09
2.724083339316618e-09
3.7252310958109265e-09
2.0221262510665915e-09
1.4552057642985637e-09
1.4734158722580913e-09
1.0289071326926494e-08
2.3408989062018447e-09
1.95903753022402e-09
2.038266124164126e-09
3.948112370405484e-09
1.2377812408960909e-08
3.031425557023836e-09
4.907385765953469e-09
0.7039483508072419
4.047825347768578e-09
5.3099709171795395e-09
1.7108478904407223e-09
2.3382855204071723e-09
1.1268469194752193e-09
3.803089363820171e-09
4.1075529049267994e-09
6.688245320622655e-09
1.1841733161257891e-08
1.7868180641471683e-09
8.330529401919255e-09
7.135960373932063e-09
2.5768396090903367e-09
5.973181681908859e-09
2.056614799726882e-09
8.344714223872988e-09
2.7512794641826856e-09
2.3985897101269175e-09
1.5296462754140972e-09
6.169274651316311e-09
3.1877111306635004e-09
1.778108198773307e-09
2.896147648858245e-09
2.772459371530213e-09
1.8368341363673625e-08
2.012074555905919e-09
9.336463605582102e-09
2.658499187908399e-09
2.9338145524221296e-09
2.099558310230848e-09
0.23192009598778582
1.0935902368472617e-09
5.6363039007895704e-09
0.44344085421425317
3.100857944235156e-09
3.884357152846423e-09
5.684675159243591e-09
9.429145261371143e-09
1.5260497560931173e-09
0.07019891114389908
1.428037647209101e-08
2.297543366709096e-08
3.959699825548024e-09
5.340776848281081e-09
2.593221332614876e-09
6.66127352463615e-09
1.891846725778713e-09
1.9892306091563484e-09
1.1311510673020032e-09
1.6935285493714056e-09
1.3430968786926336e-09
1.6711407073521677e-09
2.4830244343436185e-09
5.657711587045497e-09
4.410533829110081e-09
2.8500799919073316e-09
0.9999999201297917
3.084258353917296e-09
2.070407685958385e-09
3.89998244900117e-09
1.865825841371249e-08
2.9491669009925376e-09
2.3130248117529207e-09
6.526340574348312e-09
2.208485939467128e-09
1.284317854044932e-09
2.214569175068244e-09
4.714298721605396e-09
4.2399385639907175e-09
3.9739027047589025e-09
1.538516567730572e-09
4.575144257415976e-09
4.812384139706092e-09
8.452511822829225e-07
3.776828386191844e-09
2.0536422917816333e-09
2.24086948368545e-09
8.774838677389417e-09
1.8949999844632243e-09
5.168393598625464e-09
3.058468919002583e-09
2.68122843076217e-09
1.976885774087093e-09
0.9999999954410335
3.1951522623301196e-09
1.3026503348942054e-09
4.393541392501534e-09
2.7539336292265316e-09
0.10159812148038135
2.3869954632848245e-09
4.5361186943638625e-09
5.770892498353745e-09
6.622962249447633e-09
3.2180530859644285e-09
1.8315386350216631e-09
5.292714831414807e-09
3.679634431927309e-09
3.4443109297005903e-09
2.094478707343832e-09
6.062428996916425e-09
2.170969212770285e-09
6.095446799549306e-09
9.249306306268688e-09
2.5993757412994125e-09
9.82958173226919e-09
5.513614324605949e-09
1.1811041813394505e-09
5.3476904853768455e-09
2.135040651374539e-08
3.1309106623514035e-09
3.5348759261051712e-09
6.783451326037009e-09
2.1590320131423787e-09
3.3385364250703596e-09
1.9685956294731593e-09
5.2837505495281806e-09
2.815210609697943e-09
3.622679933223324e-09
6.014647164297643e-09
1.2527579632542898e-09
2.9989583240943655e-09
2.7564219443209403e-09
5.023657714982635e-09
1.4585777073962547e-09
5.358192861088493e-09
2.981120832393907e-09
3.3736586757624476e-09
1.8266103804216572e-09
3.7232124997620693e-09
3.1086877337018504e-08
1.7289774540444276e-09
0.49037537529704595
4.089926873495841e-09
2.3087483431204147e-09
1.7385578508665974e-09
4.8259923918769314e-08
1.8354712231642805e-09
1.5484811804454886e-08
2.5681867970353717e-09
3.581056419796649e-09
3.506362497911253e-08
4.444207519987064e-09
5.922752122384716e-09
1.567404341492868e-09
2.2442345250356813e-09
1.5431084028146334e-09
3.054296480864272e-09
1.897260806184182e-09
1.3537397393092639e-09
0.79281555163767
3.4126093158819555e-09
4.22940942282098e-09
2.1119166664804844e-09
5.063096217446895e-09
3.1429905272448035e-09
2.6111618469174987e-09
0.5408785654299771
3.6633022915645385e-09
2.0125983325873912e-09
1.6225074871330942e-09
1.6302323269552638e-08
2.701573388870304e-09
0.09379856399871185
0.2719461752559335
4.450228022208769e-09
5.5170640723363536e-09
1.8436089991011737e-09
3.690100052974657e-09
3.037345360738716e-09
0.2382869095056142
1.560006863627602e-09
1.57961601328228e-09
4.149670176372341e-09
4.927467736475086e-09
1.9505967802893503e-09
3.508080107471466e-09
2.3434228810943796e-09
0.44481434973502354
1.518688401334345e-09
5.505698329692042e-09
4.008984194987743e-09
3.6301410109118126e-09
4.609720839951799e-09
2.633632113107284e-09
6.765761724461199e-09
0.9999999771620187
1.2329679917376291e-08
1.9965985486600227e-09
2.730466324718293e-09
1.3419880266395373e-09
3.6702217226820152e-09
3.4922197788515697e-09
4.880661153562246e-09
0.5560755183576155
2.250249278227805e-09
8.525927964584217e-09
1.786671013183727e-08
0.5671456678877419
1.2209962053493326e-09
2.453212241959517e-09
3.2017271740533586e-09
5.1708692670129365e-09
3.4352908244409317e-09
0.6790569083759743
8.849346739892754e-09
1.3928409722462258e-09
1.4689898496341943e-09
3.7891621355407394e-09
3.2478170810963322e-09
0.3000110473430239
2.4424453887411836e-09
0.0012812234207292663
5.2622179815134325e-09
2.8544202836666083e-08
4.523468806720148e-09
4.018086625887259e-09
4.305733447962906e-08
3.400263555442964e-09
0.23998245142848157
2.246492646281513e-09
2.833342507851727e-09
2.4208418342518367e-09
4.907435915267867e-09
6.246664037116321e-09
4.1679880534171336e-09
3.005249516059596e-09
0.00056887389143487
5.335827546471906e-09
7.204300770523572e-09
2.7422777549189386e-09
5.914478275731419e-09
0.9910406200618055
2.0908828809167938e-09
1.2154976319782288e-08
3.5854697768120164e-09
1.9907043916299814e-09
5.174027270373851e-09
0.327046784240215
1.2653327466495075e-08
3.070832638199043e-09
3.4423744313810956e-09
2.575703364002784e-09
0.5395842166252631
3.4453937777610886e-09
1.8378564702437884e-09
1.2538952203772379e-08
4.626442664413201e-09
2.3318647766638603e-09
2.6522765691092763e-09
2.0509121849443316e-09
4.31057027345235e-08
0.7658873293307933
3.199316399967833e-09
8.150368934002633e-09
3.4125878956880095e-09
3.859637864250609e-09
4.648964582746487e-09
2.12439138420147e-09
1.5317753159637146e-09
0.7570575613393605
1.0118362283771411e-08
2.788957335736387e-08
2.473311591212025e-09
1.59110736684948e-09
2.1698805080672834e-09
3.881753759669185e-09
1.9857300001014557e-09
2.48835862131856e-09
2.4482232759345464e-09
3.4667297692779566e-09
5.490265489228094e-09
3.99519442893152e-09
5.066786279199989e-09
0.5624741579890584
1.8589907367013892e-09
1.6301487618936282e-09
2.2269389062128864e-09
2.0456611701246803e-09
2.9506785784444115e-09
2.9260830566906202e-09
4.220517976497216e-09
2.0798209100089374e-09
1.4871737387368295e-09
6.712758027720183e-09
1.999770023431735e-09
1.249100759876195e-08
2.8826148544521583e-09
7.922834982301178e-09
1.3338204239556871e-09
1.4729830610878651e-09
1.8446441823557707e-08
3.783254459800916e-09
2.482505918806238e-09
2.310907300306828e-09
2.2630898141317453e-09
5.437031647528216e-09
1.4398092865678663e-08
0.3077732720897993
4.392779463746623e-09
7.124620792546909e-09
1.2226345785142249e-09
1.3288639246618086e-08
2.6079636596949853e-09
1.4799940585158244e-09
3.795037222101366e-09
5.79045450470869e-07
1.6459526275290798e-09
2.4299267102006456e-09
7.535648091606076e-09
3.6117034531740104e-09
1.5953151366770247e-09
2.1134075134574974e-09
2.6688525795410246e-09
1.4019550303492402e-09
3.608709057806272e-09
2.1769004593232895e-09
5.114518104400804e-09
1.3181827048271765e-08
1.0030125241015769e-08
3.790381147062762e-09
3.3232348966876415e-09
2.043482188714917e-09
6.41622963430652e-09
4.1164924820729365e-09
3.4074460987091874e-09
8.051790418370705e-09
0.9999999895141171
2.4391850090854638e-09
2.709176825377716e-09
1.8186303571427748e-09
7.3092821388445886e-09
1.905492254051706e-08
0.9999999330769531
0.7422429362238773
2.4942872414407416e-09
6.233261410738513e-09
4.712998510919895e-09
2.663828800880065e-09
1.3640382284489356e-09
1.7329381444290559e-09
2.352106103725948e-09
2.9220488315666116e-09
5.797577017595426e-09
2.6798049747347957e-09
0.9999999609586111
3.738246468233483e-09
5.278980883566505e-09
2.0631102649809705e-09
4.06606032341284e-09
1.7585852982955112e-09
2.170210058204509e-09
3.3521798201065077e-09
3.633318870756216e-09
2.797199953977809e-09
1.9694786387619073e-09
1.7230633269378785e-09
3.1081840950144277e-09
8.796249148487172e-07
1.893925384805776e-08
3.5269037841589894e-09
3.832845854134018e-09
1.7901669048173833e-09
2.5089390453364503e-09
1.3999168332022385e-09
1.4598044348503164e-09
9.05190752594388e-10
5.417531750020166e-09
0.9999999945680951
3.231396591229302e-09
2.8255149109903546e-08
5.313630601249821e-09
0.3028023255991946
6.541625948095026e-09
7.726407568715546e-09
2.036200249859515e-09
3.0455646128083953e-09
1.779142168825824e-09
7.937939392978946e-09
2.7687228042596923e-09
5.389064365335125e-09
1.1072211924740593e-09
2.6130513551412028e-08
1.5132472686180506e-09
2.2466083561101593e-09
1.426549281074451e-09
1.6471422924227792e-09
2.997766917200952e-08
0.9999994678214038
2.316340052958188e-09
3.918843220691522e-09
3.744992542074008e-08
1.3490133023249484e-09
1.1151173772518622e-08
4.805335091080264e-09
5.997719825689873e-09
5.7820093454415326e-08
1.4562026190805495e-09
5.55504744711994e-09
1.8601303059112638e-09
3.318041540577623e-09
0.922197007937047
3.754615112899035e-09
2.3203091984347745e-09
2.1044116349829403e-09
1.3902401982737634e-09
7.487019663317552e-09
2.0817374272319284e-09
2.271599328080554e-09
3.01257749493108e-09
1.568095143086177e-09
1.6112561438304563e-09
0.013121225965517801
1.8518848906447777e-09
4.667446116638423e-07
1.883077367052091e-09
4.423651216775071e-09
3.8193141200656e-09
1.3357082999881604e-09
1.959611257483968e-09
4.6131139534997305e-09
3.4347142695615846e-09
2.2236516392101733e-09
6.4327467596283856e-09
4.569599613197662e-09
4.3960462812888155e-09
2.129804818102461e-09
4.214058584612144e-09
0.4421722526833363
3.943758879228879e-09
2.70995543367343e-09
2.0018157191207426e-09
1.5143345490811195e-09
2.2975021040535533e-09
4.416076495755322e-09
1.9179524903735015e-09
3.73046597298458e-09
8.121346662894896e-09
2.9008183710001295e-09
2.4286812674782593e-09
3.462046486103803e-09
8.056201095502636e-09
4.437034133279367e-09
2.7194095339839645e-09
2.2005997191585687e-09
4.695218716892463e-09
2.8728414748410553e-08
5.9021123898331445e-09
1.850309674958137e-08
2.6222559485151694e-09
3.3726118604394385e-09
1.4380766937520669e-09
1.1139372480405472e-08
5.858217666291711e-09
4.794857379360573e-09
2.173704485531856e-09
1.2089873792120314e-08
2.71540696024449e-09
4.69532988913585e-09
3.5184722666897085e-09
2.400867761334365e-09
1.2314881538540184e-09
3.501780202279977e-09
1.6296093614780255e-09
1.612424503741698e-08
1.3726359030905655e-08
2.53965936291785e-09
5.630985349761325e-09
3.7090573388833493e-09
2.646301465164804e-09
9.780971057577906e-09
1.7682656684387831e-09
1.1872940609087022e-08
1.4600766955188888e-09
2.3328533908927685e-09
5.203160209825029e-09
0.13830509557492435
3.897906955773364e-09
0.7277325906563632
1.4201035245196841e-09
2.373693976572385e-09
2.6098871821483875e-08
3.568028132193951e-09
3.3473821393895524e-09
4.963390916649558e-09
4.426380173734304e-09
0.24102267344254472
4.202130194782182e-09
0.49109079012948803
2.559421203535742e-09
2.6020613710329994e-09
7.028839435495808e-09
4.235954330544556e-09
2.4924369977457504e-09
6.377755475164004e-09
0.999999972047993
3.530503170897327e-07
2.9950841268103303e-09
1.3653809806333583e-08
4.7088788075823184e-09
2.725135844924489e-09
3.996847454347932e-09
3.2391566993166313e-09
6.733358565748972e-09
2.997614689976752e-09
9.161746289721879e-09
1.8429789611528682e-09
3.508348815728789e-09
2.4540512207861974e-09
1.5952033024893662e-09
2.0638842147311956e-09
7.546162967044067e-08
2.1718520070901322e-09
3.3084335361855012e-09
2.4523694169932686e-09
2.033592207827954e-09
5.401521102570501e-09
1.8518429840522057e-09
2.042314700793104e-09
2.8731736400460057e-09
1.9381746181234953e-09
2.119733118657024e-09
2.0830431691993385e-09
1.7748986596722245e-09
1.2850853841661155e-09
1.668152333513483e-09
1.445862632838354e-09
2.021404427913048e-09
0.5869730052163623
5.13290821432033e-09
3.2991438610678832e-09
2.8265436209117702e-09
5.632491199878803e-09
3.2883423892419787e-09
4.097188144140169e-09
4.978058656218033e-09
1.3800305424333618e-09
4.424403531519505e-09
2.525563162160315e-09
5.346024896722025e-09
7.041799234006786e-09
1.6402379345145282e-09
2.467485899045296e-09
1.7070596000018014e-08
1.9760536661053104e-08
1.68040066719212e-09
5.064403405644883e-09
2.1881920586356716e-09
0.016978832272660158
2.1417876906195775e-09
2.7227689483013893e-09
3.6639586531666937e-09
1.1619859699726889e-08
2.3580872721043927e-09
6.733198611842673e-09
0.41658053337329676
1.775537957843099e-08
1.7977933217903598e-09
7.330199606960938e-09
7.516552603547192e-09
3.0496339878480257e-09
1.9219130639654372e-07
4.634692553262866e-09
2.8629853545641874e-09
6.936019554344304e-09
1.8644638854487077e-09
1.9460056773542005e-09
3.795537366200851e-09
4.197051235685898e-09
5.622699445633088e-09
5.079828768403022e-09
1.953943277309216e-09
2.711063979300599e-09
0.6598594138604249
3.0168048838023536e-09
2.66741444987526e-09
2.330368661326609e-09
6.385925791172741e-09
6.092877005397933e-09
2.968631963413115e-09
2.0240431907828155e-09
1.1988643482473055e-08
3.276184769432584e-09
1.840131740492126e-08
1.3060400698499938e-09
2.107065694087021e-09
8.687109356534068e-09
3.367323873843081e-09
3.904878124372681e-09
2.2908239989235156e-09
1.2434249393581741e-08
0.13151103111138482
1.9643784295997542e-09
3.121378884572549e-09
1.2739477412947664e-08
3.502727444168585e-09
2.0009512149415025e-09
6.890029071187434e-09
3.6510800709886643e-09
1.9453885853567293e-09
3.9893327566962375e-09
2.534323909481632e-09
1.5185573140596792e-09
2.5136747459834987e-09
1.596892438628003e-09
2.9558122043595473e-09
2.775535731849444e-09
2.673657092704398e-09
2.7221343775996555e-09
1.2973012116955262e-07
3.692226278905528e-09
0.9999999878643968
1.569295897248124e-09
1.4462810457533383e-09
2.739415706833596e-09
4.008480666712432e-09
4.700299046893248e-09
2.405430716588873e-09
2.6427375703753276e-07
2.4101805112068975e-09
3.866104054303706e-09
3.490652444991588e-09
6.617049899894742e-09
2.018918274630314e-09
9.61716203843632e-09
1.7971406061628956e-08
5.347377724211987e-09
4.002703184366972e-09
9.31677753072854e-09
3.861311404503487e-09
1.2550350877827109e-08
1.6045424510820476e-08
0.29868543469973846
7.14503159577248e-09
2.4212053752021794e-09
1.8776890049014364e-08
4.065712347089728e-09
3.708097586249908e-09
3.0666271727588696e-09
6.827986228132912e-09
1.904913392477641e-09
6.9376208042644665e-09
2.4169963113550944e-09
3.094239380375868e-09
1.8191532794922092e-08
9.202078749693205e-09
2.2321675567104058e-08
3.359653428312957e-09
3.2942176517780275e-09
1.8114851816891507e-09
1.885331451375867e-09
1.7537198341042964e-09
5.269971094644175e-09
1.2971348419611823e-09
4.5602758769883964e-09
1.6576286915206369e-09
1.6806717819491473e-09
2.1348472535175556e-09
2.2761909400685355e-09
5.850977152116131e-09
2.6599060167072833e-09
2.2568201383070395e-09
1.1170912364695941e-08
2.8244068791908684e-09
4.226808920791867e-09
3.0134347413225092e-09
2.340162466139919e-09
2.019305415417668e-09
4.323409680381256e-09
7.677997229513159e-09
1.0118393708867609e-07
3.4319444616760586e-09
2.7953487876595587e-09
6.282466658339973e-09
1.5420261817593193e-09
2.7293265168566164e-09
0.35612905003348594
2.6238062665162992e-08
5.113071355726937e-09
1.6029524006384158e-09
1.8339729285508427e-09
3.246340630982348e-09
7.476610151328843e-09
3.909437811423311e-09
6.741124448758812e-09
3.5699971890757075e-09
1.3397484857591907e-08
2.1878897850833204e-09
2.9540138953499647e-09
2.192145450061217e-09
1.8644826405237463e-09
3.4388892874550116e-09
3.8642904576018194e-09
4.424914906046932e-09
5.0481600857387475e-08
1.17075722335622e-09
1.7253437237473027e-09
2.391441779271169e-09
2.8204362308773166e-09
1.6671436679349036e-09
3.2402616297215066e-08
1.082157501254639e-08
4.440520307769004e-09
2.7541017886972598e-09
2.693409543225353e-09
2.693652465424688e-09
5.268407443971665e-09
2.2700406638598404e-09
4.133350313145169e-09
2.237183549657367e-09
2.1815324497780844e-09
5.280951477638406e-09
5.628659248502024e-09
6.0204039154117695e-09
2.9617157430864533e-09
2.524655824118943e-09
3.3627862692894726e-08
2.0603824349310144e-09
1.8956338912597458e-09
3.6466211034313846e-09
1.940040096388795e-09
7.656117725089379e-08
3.1094464239985497e-09
5.109873212697029e-09
2.5247120607274753e-09
2.7194210850391073e-09
1.7923271500195385e-09
6.209366598178512e-09
3.923661869467051e-09
1.8751500437123612e-09
3.676084193311557e-09
4.937466720272652e-09
2.8254757571872366e-09
0.14899662122965465
3.6259484986438517e-09
2.6686560561304863e-09
1.1701248668373135e-09
2.7260126606424414e-09
1.5094108747935292e-09
1.4797581402194868e-09
2.643306347290872e-09
4.396238899211555e-09
1.8270600886446243e-09
1.0279632471289132e-08
2.6177396365322857e-09
0.9999999946856039
2.7326247491879447e-09
4.445780248976226e-09
4.593128489646276e-09
2.050525412003607e-09
1.5767165619169045e-08
2.4624149443949794e-09
1.2297965322794483e-08
2.554719637494163e-09
1.4304623270296222e-09
1.4985655042507667e-09
0.7076735351369748
1.6626114145356815e-09
1.524791832126447e-09
4.228939145931487e-09
3.1463338252624216e-09
1.6661995959233326e-09
2.3972729156441266e-09
2.812531316831098e-09
1.888125771770208e-09
1.6156591853171702e-09
3.246245754634945e-09
6.133429053779188e-08
4.2753258670232156e-09
8.60337239359855e-09
2.4398858884898466e-09
2.622468354782284e-09
0.02980107970290275
2.8460593798026263e-08
1.8074937281999847e-09
1.4747231937349498e-09
4.812514636609419e-09
0.054575049548651916
1.5232041745224769e-09
1.526358878151894e-09
2.830085983879095e-09
2.6947732188080394e-09
4.046978984946412e-09
1.7263630220513625e-09
5.9167341134388715e-09
6.57795762179301e-09
4.3588005733108724e-09
2.8806303233442676e-09
2.934837978334121e-09
3.2711159704304594e-07
2.4558936814496077e-09
6.409739090263723e-08
3.0497833798390773e-09
2.6851703585659775e-09
2.7119169680571502e-08
1.6789473786297794e-09
2.581106738325082e-09
3.1398185876191853e-09
1.5212561744010776e-09
1.993612089381664e-09
3.0869453907330982e-09
2.46033542086356e-09
2.036046004828786e-09
3.202956017842128e-09
1.6326614397160318e-09
2.390599694439288e-09
7.39631128850957e-09
0.6690419658465117
1.717705282283802e-09
2.191458540858402e-09
4.301865417545184e-09
2.2066829839109357e-09
9.877870773556627e-09
2.438999792287387e-09
2.3075366519116486e-09
3.344254024394112e-09
4.585758772929381e-09
3.2847950897845074e-09
1.502383269459814e-09
1.055453511939076e-08
3.7244932454869973e-09
6.043831953632454e-09
2.2854529704598673e-09
2.669098679997204e-09
0.9999999220467959
6.322967047327563e-09
1.2452896348973254e-08
5.834317227550058e-09
1.991938171572741e-09
2.6687290664399403e-09
1.3183150385852003e-08
1.138088257321449e-08
4.488826201566578e-09
3.67193362146439e-09
4.14290588793995e-09
6.1227298409325995e-09
1.5358542870375163e-07
2.0639425090173947e-09
3.0921094481866283e-08
2.34268694194796e-07
3.750332962816356e-09
3.360404018713258e-09
1.1286397070212176e-08
2.0982113705850893e-09
1.4197864956188443e-09
2.6000037117598506e-09
2.266752949454223e-09
4.515592654474424e-08
0.3052830651573939
1.4596745676917815e-09
1.0002131673004964e-08
3.939808533323809e-09
3.2179767364454085e-09
2.289972083827714e-09
2.1509501093660332e-09
6.9330954696671486e-09
2.8888489627742264e-09
2.571255167265233e-09
5.840371740217097e-09
4.32572810705e-09
1.9345040888078922e-09
2.2443839488883334e-08
4.8260803030152955e-09
1.0984287351442495e-08
2.4683699290453535e-09
2.5117638168638072e-09
2.525127825212806e-09
1.4135557315280226e-08
3.5788892891999234e-09
2.3184369968204575e-09
2.8350587836086497e-09
4.167453483679045e-09
1.2245783104202972e-08
2.5977645539139326e-09
0.3072801802632338
3.736451750679617e-09
2.119387500288385e-09
1.0544542037716075e-08
1.403683572972765e-08
0.4490826666994502
5.896006454123642e-09
3.0539093716072696e-09
2.4816322454088574e-09
1.9824986493193306e-09
1.3055419694042417e-09
2.9550221752267623e-09
2.5272921737080085e-09
0.11524773882982463
2.6448062862974208e-09
1.4089602601812784e-08
0.658899866813801
0.7219271033342229
3.8734236343163425e-09
3.947939945800061e-09
1.7946833497040677e-09
2.641215458517544e-09
0.9999999904594067
3.7067452011928875e-09
1.4911930206355592e-09
4.53675016595005e-09
4.300826458338626e-09
9.632270531482714e-09
0.3191195599979096
0.4394619734913848
1.1526540168774806e-08
2.184422879303904e-09
2.086307592963174e-09
2.8332926164674205e-09
0.9999999881977354
7.045088595775514e-09
3.111511300377972e-09
2.2063011837591202e-09
3.15595847444553e-09
2.6854116309649084e-09
2.664953971019024e-09
3.205174934457066e-09
3.934132412344429e-09
2.3482760427336204e-08
1.2190422144716713e-09
0.5997458969820565
6.56451505523333e-09
2.3949141996851577e-09
1.52549165833836e-09
5.026937388501006e-09
7.936013642294426e-09
7.59971635518021e-09
3.4240599119362678e-09
1.899845176231621e-09
5.725974115260403e-09
1.908437348918686e-09
1.7355803712976637e-09
1.3362979448024596e-08
2.5229419011240985e-09
5.225380678425494e-09
1.5889016933986583e-09
3.9627888747301635e-09
2.5656064887793187e-08
4.704408759430356e-09
1.794842400002096e-09
1.401959287919462e-09
4.168303465669771e-09
2.027607590515308e-09
2.0177513327665183e-09
2.161127757984094e-09
0.937294480686549
5.910422922049024e-09
4.568974894934505e-09
2.3736001911169908e-09
2.3175720276085187e-09
4.97923351235741e-09
2.135813996925541e-09
4.128486206001065e-09
2.094798053444106e-09
0.6831094605146044
7.706727946048144e-09
1.4342674071062527e-08
3.827710819351059e-09
0.6292712594839468
5.360397876596602e-09
5.69600513539788e-09
1.3377264505713864e-08
4.868933497362033e-09
0.9999998348203696
1.8346565716034453e-09
2.3861358576372115e-08
4.381082972578412e-08
2.3542286686269e-09
1.2310292708689616e-08
5.086984634726389e-09
5.858688404391452e-09
3.3504642438106324e-09
1.4758684984410852e-09
3.932667366328348e-09
0.4606883690218122
2.181985559679509e-09
3.051701536228231e-09
3.538111025311233e-09
3.7787258227959145e-09
4.043681538535191e-09
2.948902765356238e-09
1.6538342490639208e-08
3.084480377981923e-09
2.3105382913431087e-09
1.1573112148196355e-09
2.202345606517247e-09
5.714912555476846e-09
7.871001799579012e-09
3.0001708855186845e-09
5.240340588168065e-08
1.906685052377183e-09
7.1931010277471e-09
2.462336068845863e-09
1.7678569353566609e-09
2.6070396819843214e-09
2.0161855170207772e-09
1.4352540571057005e-09
0.911965131391524
1.516815664119815e-09
6.136812631998451e-09
5.028520066102526e-09
1.4217179396385608e-09
0.6707459346431783
5.746182844396607e-09
2.3326075191160297e-07
2.433978138996433e-09
1.0432251767800338e-08
3.273345626114709e-09
2.577974852386106e-09
1.6370101635430656e-09
2.7755659470762926e-09
2.0247409577476636e-09
2.5505732523011458e-09
2.775153590674266e-09
1.7415014670396414e-08
8.228310253133115e-09
2.38890865466154e-09
2.5906373106979034e-08
2.9608098814589643e-09
1.685137294801579e-09
1.8031989030624606e-09
2.684456523853796e-09
1.624552912061385e-09
2.9698975945741132e-09
1.7366792748615887e-09
0.999999988104518
1.1576791963670073e-09
6.201991414658181e-09
1.0024372745377855e-08
3.6290427497492135e-09
8.567258656927871e-09
1.4893810896447822e-09
1.3114402898844098e-09
1.3212283298574863e-09
3.0364959908518795e-08
9.346386849139496e-08
2.3477671475294497e-09
0.5044889081205536
3.0290654430360144e-09
0.9999999942716566
8.110329346850099e-09
1.5295594205562284e-09
2.94866707161846e-09
2.9266863338308e-09
7.420487360524854e-09
4.5073097250683625e-09
5.218132088645922e-09
2.9406509086860466e-09
1.5596241400714334e-08
0.19435959110323722
4.271891916511063e-09
1.861792566028512e-09
3.100379333170893e-09
2.4563456970047405e-09
3.40622466175917e-09
2.1434465957419445e-09
4.5372960727664395e-09
2.215112482189117e-09
1.5714582287050804e-09
1.173180984470764e-09
2.5374684964272083e-09
1.9943112812683663e-09
1.6438671554775396e-08
2.3616624171905504e-09
0.9999999390218657
0.7749475357532531
2.2371877397403245e-09
3.4007861833083797e-09
7.533417012626724e-09
2.52913757694958e-09
2.3714791993387732e-09
1.5299743386242844e-08
3.653979436263055e-09
4.135413083335966e-09
1.5896147939690184e-09
3.4061259492654165e-09
5.173011393001835e-09
7.8524474615163e-09
0.39732670534095726
1.1847267454649993e-08
1.1319503018121204e-09
0.07950074260869143
3.1384542076901668e-09
4.780796580244255e-09
1.2216593724186366e-09
2.9820884027123516e-09
1.6826371161081848e-09
1.1632645020152027e-08
2.4695492409790085e-08
6.323091972330754e-09
3.693471144906951e-09
5.60572362884776e-09
0.05447445681622998
0.5292567516635381
3.1220897028489273e-09
4.1100175863739455e-09
3.494457307917601e-09
2.728269943664759e-09
2.1046068189276225e-09
1.81105600268285e-09
7.728145107895736e-09
1.851311575506143e-09
4.7873500471461194e-08
1.5048081853712033e-08
2.102097655101941e-09
7.30776699837147e-09
4.811750745596573e-09
5.077545630867168e-09
0.038312075203702535
2.997919621167693e-09
2.375764996136644e-09
3.1268687260801093e-09
3.212666697294015e-09
2.390669763289928e-09
2.4914589407379363e-09
4.8806704446442735e-09
1.6952783511577924e-09
1.9008377907063176e-09
3.907868512953999e-08
5.152125965245888e-09
3.729693313663147e-09
2.5804743132176185e-08
4.476638167253166e-08
1.898909199669607e-09
2.5244231634805418e-09
0.07047551750580157
0.3194838659736543
2.384647589472435e-09
3.817716859346333e-09
3.524091248482221e-09
0.6760635777284228
1.541893607677576e-09
7.809930684449418e-09
3.1171865923325107e-09
4.3413742354826275e-08
6.545704432948558e-09
1.244186168810567e-08
5.519939376509521e-08
8.009766563864132e-09
2.192853578223194e-09
2.2765728079083365e-09
5.211309299017906e-09
0.4838546358958472
0.5079205436543797
1.6506633206082564e-09
2.447587188834079e-09
2.8727472164003243e-09
0.4553684393242647
8.144358053269275e-09
4.729534429817366e-09
3.931361551202343e-09
2.122562146115398e-08
1.4589534837353208e-09
3.3907242420253558e-09
8.089493465783408e-09
5.9819321424455606e-09
5.007921486395065e-09
2.013739549570627e-09
3.0393801613365462e-09
4.415671622983279e-09
2.5355107694728473e-09
2.1813897582277013e-08
3.478354395995807e-09
2.0341925296065163e-08
3.336447910819163e-09
2.427889994488903e-09
3.3824902085403516e-09
5.145293004348612e-09
5.6406650015519205e-09
2.691056762649917e-09
1.8540484886718146e-08
1.0409787527239693e-08
7.111843419786158e-09
6.401768889771211e-09
1.54222379652743e-09
3.459149726856035e-08
3.4888948549111874e-09
1.6295415038776995e-09
2.056660187781755e-09
3.755608403688067e-09
2.839412613568464e-09
6.512250458182307e-09
3.6077487519765345e-09
9.297598093670847e-09
2.0876420160811156e-09
2.2787310937063673e-09
2.3718209177111736e-09
0.09494271777285747
4.546121827095597e-09
2.579684711042511e-09
0.21034172248246083
3.7230639471130588e-09
8.508114571291664e-09
4.742798415487093e-09
4.366475534810864e-09
3.047557780538273e-09
1.1485625425454775e-08
2.4937809480038642e-09
3.157805479139027e-09
3.0433471298815565e-09
3.4584204507428556e-09
2.8502967760913245e-08
6.2065041222647256e-09
2.5226829398122665e-07
5.757737682987189e-09
2.1130027688651845e-09
2.5682932430418744e-09
5.120635785821687e-09
2.170382295726602e-09
2.6830298240736623e-09
4.337203132307939e-06
2.418960460834228e-09
2.3451507711765915e-09
2.3367985144489436e-09
1.4580457839466788e-09
2.2789984085826056e-09
3.3464155885857554e-09
2.8891660035399573e-09
3.625569844470178e-09
1.5442954840188525e-09
1.8364898326810162e-09
2.1803745212391507e-09
9.040837138179835e-09
1.5008805744380134e-09
1.1751629323512042e-08
3.0286691425198043e-09
2.3643531377694925e-09
4.310801596101351e-09
8.579266704774787e-09
3.849000482831796e-09
2.0671027452756163e-09
2.635508602746564e-09
3.857747904175538e-09
2.0325354265212185e-09
1.9345450938795134e-09
9.147780383693118e-09
5.41983958513221e-09
1.7003571867416795e-09
2.580264047712281e-09
3.5182041045101495e-09
0.42172292241451753
0.9999999593652503
0.9999999885674205
2.1231240095709566e-09
6.887460124673203e-09
9.673421136342296e-09
2.9358924865134714e-09
1.7360987619303483e-09
5.25381993346835e-09
3.4639896429603113e-09
1.9181659214977853e-09
5.3982270343096404e-09
1.6905877050936475e-09
2.933634825155151e-09
1.500219321991306e-08
0.9999999634868295
1.893116213787858e-09
2.611729184894624e-09
8.084138466341868e-09
3.6072304224971065e-09
2.2361932176065928e-09
4.68674253966949e-09
2.288127151516823e-09
2.903776133124344e-09
3.788213567013916e-09
1.4739357410952556e-09
5.218407721024686e-09
1.744975637391069e-09
2.9182245686741326e-09
1.7226103193634594e-09
3.1330389186202387e-09
2.701165308316483e-09
4.666052977115607e-09
5.313933903631607e-09
4.618987553262593e-09
3.275315232266761e-09
7.449725081940267e-09
7.911910535701561e-09
5.8051321706808236e-09
1.848076888001131e-09
5.059111159974995e-08
7.01666691897307e-09
3.087267278190974e-09
3.8178353869050265e-09
1.1879419275441477e-08
2.718457385466565e-09
2.7178575008442486e-09
3.81995529277931e-09
2.637935353818798e-09
0.5264682092325261
2.2713803348629432e-09
2.0302154391585306e-07
2.6249780581953924e-09
5.2291092415871365e-09
8.182175798215301e-09
1.5015210284703717e-09
4.79372675121617e-09
1.0542554614866097e-09
5.367034465717656e-09
3.0142987149592138e-09
2.2682226657579055e-09
1.99993555504859e-09
3.0675079779340755e-09
1.7724883743647815e-08
3.0909409981978187e-09
1.148808100450241e-09
1.5836987155584952e-09
2.385692814715242e-09
4.7293746072417495e-09
9.175693386789496e-09
2.0213944006950213e-08
2.7958009304896813e-08
0.062386999508974576
2.751723954634308e-09
2.357689575694765e-09
1.3912489327077287e-09
1.4385886520994569e-09
1.5074532138031513e-09
2.4518537396234886e-09
9.005046354744835e-09
2.7306605125899626e-09
3.6952263493208495e-09
0.39710008910292677
2.9445401735386017e-09
4.452046603686813e-09
5.4184493801240975e-09
2.2694609587128063e-09
3.215538637863028e-09
1.635158454630798e-09
2.1359834649106123e-09
3.9306557565420756e-09
1.9810333791930433e-08
1.5863396809391343e-09
1.7879885697871152e-08
8.684608081339304e-09
4.251097381019195e-09
2.5410460312431697e-08
1.6530213623607625e-09
3.880384504907773e-09
2.9893672967394215e-09
1.7543701967589716e-09
8.100870891646559e-09
1.2054324875125847e-09
4.466032365514234e-09
3.572951218252752e-09
1.8823038574642152e-09
3.2682435597658847e-09
4.035009190080628e-09
1.5924614709098973e-09
1.895200709458687e-09
1.6462719801819437e-08
1.9635553121249953e-09
3.185115183723988e-09
3.1124407135775207e-09
2.6739103730842952e-09
1.999648831750442e-09
4.0467257922815165e-09
5.14157729313678e-09
2.876465608751662e-09
1.595148472085998e-09
5.2897776183966655e-09
3.5334747153261646e-09
3.206951015933462e-08
1.5572123009852556e-09
0.9999999940203158
4.537221734958979e-09
1.976616866101286e-09
5.617299075324943e-09
0.18108318057619052
2.0563863289853668e-09
2.3857194226678245e-08
3.2552254459992346e-09
6.306041732531631e-09
3.808273907726892e-09
1.0335054463142248e-08
3.109189776702356e-08
3.966638435928418e-09
6.056673998548881e-09
5.933950384095475e-09
4.904815332727344e-09
2.554443594865705e-09
0.12702178067402092
2.8185350324503167e-09
0.20414093457802646
4.2677130322677045e-09
3.3524951176704724e-09
2.7591410899687807e-09
2.5595634548766876e-09
0.046653011899277265
1.224907410317819e-09
1.3404094131695323e-08
2.4275600140730627e-09
1.5462779726134031e-09
2.9431049579778673e-09
0.45730031448626945
2.741760674875392e-09
2.0109158553900514e-09
2.7496604935526024e-08
9.491327470226905e-09
0.13559122305307733
1.6784154015289078e-09
2.6344385986245263e-09
0.44188025946523013
3.824810771208867e-09
0.22621237233554614
1.6946349909734432e-09
4.967743731773916e-09
4.94059410986191e-09
4.896364826970873e-09
3.35099038907259e-09
4.070902019561083e-09
2.3948881557247487e-09
1.2522581411826927e-09
2.2470112505098556e-09
4.70242490931274e-09
8.625372362869693e-09
1.6804240684826943e-09
1.866539386341374e-09
2.4302502929581995e-09
2.0802127217572244e-09
2.5031699568076445e-09
6.5802801885872005e-09
1.0437245095189173e-07
1.1843759798440337e-09
5.559779257655752e-09
2.2073959343623954e-09
4.545864698348664e-09
4.002853517147651e-09
2.291362168941773e-09
4.765284230886869e-09
2.8173902137608807e-09
2.433219844000765e-09
5.874008620017353e-09
0.2146016490817789
2.149447699163929e-09
3.9658548607938655e-09
0.2781530733171188
4.096156052327645e-08
6.49720534089506e-09
2.0866172071323664e-09
4.4381595666605915e-09
3.933344273351731e-09
2.2523422481913642e-09
4.09446732310351e-09
1.54950265311092e-09
2.0292858959754285e-09
2.1287225835163874e-09
7.085516012191951e-09
1.9363503619093957e-09
2.373628309245901e-09
2.4897510580240746e-09
2.8329232229762542e-09
1.9259701432706088e-09
4.106464251424997e-09
5.217888507642024e-09
8.035214343158186e-09
0.9999999116921201
4.3741374059454135e-09
3.7415508278060016e-08
1.981298483557734e-09
1.8354841868681887e-09
3.098939401444978e-09
3.2231294086295713e-09
1.4086623625140522e-09
7.98075716951604e-09
2.968508086323378e-09
6.242763168268043e-09
1.9201131495170544e-09
0.5492943402088102
3.0604719941788257e-09
0.9999999930029265
1.1192110025896659e-07
2.5916883063395284e-09
3.0540522147006283e-09
2.516943621440589e-09
6.128305878731198e-09
1.789394212950767e-09
1.0073655747560414e-08
5.404350637544931e-09
1.903940318583924e-09
3.417317559443726e-09
3.1071437165359857e-09
4.630983925759835e-08
8.475512501939546e-09
5.1025374426755374e-09
3.2974407034527387e-09
2.057921513398243e-09
7.336890516637097e-09
9.827371176049384e-09
4.509267896202884e-09
2.054136063314088e-09
2.9615186629985745e-09
2.0056382241999794e-09
1.7119938880914335e-09
2.149661017557485e-08
2.7382392668336028e-09
2.622195981450666e-09
3.5963900391689333e-09
1.2278350157157434e-08
1.697099515229014e-08
3.756579978312856e-09
4.139524244720497e-09
1.2719602695186626e-09
2.4422562226620003e-09
5.160164800453881e-09
1.855637501913939e-09
2.802143983779711e-09
1.6945362238852145e-09
3.333713481836838e-09
3.6076658630209757e-09
2.224423715814208e-09
1.583525150595373e-09
4.494579950276426e-09
0.9999999925522006
4.152620872780651e-09
5.0711679134844826e-09
3.301026113605451e-09
0.6150413033169633
2.2076458372497287e-09
2.87546078399802e-09
2.3739298930407615e-08
3.365206262606059e-09
2.1922073828383922e-09
4.226502315113811e-09
1.4946766180633372e-08
0.7039288475977303
6.312091021036477e-08
8.660400940975111e-09
3.999887012723502e-09
1.3409982988359713e-09
3.5872902631715046e-09
1.945356061098547e-09
5.813075101201398e-09
1.7595946701054587e-09
1.0746405083811699e-08
3.350523215411407e-09
2.08566046752242e-09
1.3342547800010917e-09
5.731169823486464e-09
6.531333872097748e-09
5.090681659882703e-09
2.4268795891632214e-09
4.711773010413003e-09
1.929079271489103e-09
2.0127349089354306e-09
2.4811828791402805e-09
5.513840611398066e-09
2.110603892474807e-09
1.3768572285587306e-08
2.20358260379293e-08
2.362926481125086e-09
4.129541296294651e-09
4.3847491479571595e-09
2.2783370292742677e-09
2.162808556502438e-09
4.001829316824012e-09
1.7405535930281378e-09
2.6601593879854682e-09
1.6654347351717258e-09
3.0657265983120818e-09
6.150511562369278e-08
2.912103751280272e-09
0.10033079087138694
2.8284888431243325e-09
1.9239494604750976e-09
7.137497040226104e-09
2.356949314872088e-09
1.7710630575776476e-09
3.404405204915765e-09
4.869774230384143e-09
0.12411125962524111
1.69491962394839e-09
1.4029745318579542e-09
3.5287136280134986e-09
0.41953518476522283
1.8412603556497418e-09
2.2425683431750286e-09
1.64311522834085e-09
8.804385712950682e-09
9.883651746139983e-09
5.74901843458772e-09
1.278318576709159e-09
2.4612613010457625e-09
3.4417219183297162e-09
3.724407526873813e-09
0.9999999702694284
2.6034873822777357e-09
0.09340257712037638
5.2590274879413956e-09
9.204829678317233e-09
1.6443224799059478e-09
2.9876505613268727e-09
0.8639964753321848
2.507977108216993e-09
1.6944932853550779e-09
1.7525653979765339e-09
1.9495676256263986e-09
1.9285767039386976e-09
1.688735200756104e-09
3.727963459841532e-09
1.0618295904425525e-08
1.2857010595646666e-09
2.056355644792406e-08
3.224322863606783e-09
3.931640005058504e-09
2.755460400434741e-09
2.837864723013562e-09
1.2245991027992209e-08
3.2101760679778613e-09
4.453858931132895e-09
0.9999999052166657
2.9531317577184288e-09
4.129988524084611e-09
6.248299792895294e-09
1.4656944847999002e-09
5.103828144380305e-09
2.1811174592316272e-09
2.7728511219916844e-08
9.896689889588693e-08
5.768068545647537e-09
3.8740971614335866e-09
1.3788944761196344e-09
3.3141190173551983e-09
4.62176468795923e-09
5.717916399140481e-09
1.1820597461229811e-08
2.1582449480757675e-08
1.2720147792344652e-08
0.8584599234911058
1.0863191593391086e-08
1.6356153600632233e-09
2.5351669554572355e-09
2.300864445903617e-08
5.893639198363435e-09
2.726400374178103e-09
9.784367784704888e-09
3.2213031539991682e-09
2.977846835222086e-09
2.295658057325474e-09
1.5399110886721681e-09
1.4635837077282113e-09
2.296138375936939e-09
2.6334631495296873e-09
1.7990423883050448e-09
2.459339049478345e-09
1.5857398811427968e-09
1.2234702916166532e-08
3.1803544204640503e-09
1.5097389597424e-09
1.2064285629270064e-09
7.489280451318097e-09
1.8333075573736094e-09
6.730465001994433e-09
4.485669062587746e-09
1.2195518260010785e-09
3.0259388857614627e-09
0.6134070718850357
2.5458412965143117e-09
1.6035747804503902e-09
2.866182713762683e-09
9.032200728774858e-09
9.088256310077914e-09
1.9580835855885655e-08
4.168920782262098e-09
1.7147852709338897e-09
1.969455106370603e-09
2.7747960116510548e-09
3.4794231564241842e-09
2.962390233006957e-09
3.3757762426334783e-09
1.703831707432708e-09
7.778434597260654e-09
1.5569367706967775e-09
1.5204506538840167e-09
2.4982560635579047e-09
2.6885280871165873e-09
0.9269208242829272
6.610498868177773e-09
2.225195999949221e-09
1.1819191630178113e-09
3.358564375934379e-09
4.804524556693295e-09
3.3063074599923058e-09
5.767769277845286e-09
1.9138251983893647e-09
2.3938345679868063e-09
3.2762335544524325e-08
2.3687420668677687e-08
9.389553765122742e-09
4.856143035996928e-09
0.9999999800534717
1.5371827921172367e-09
1.5359368687690009e-09
5.051551629205164e-09
2.883616072271364e-09
8.143256198802336e-09
4.874425820322997e-09
3.6727020021416746e-09
2.2700722863140227e-09
5.016320552049886e-09
1.9403938070481356e-09
2.082970481771399e-09
1.4864359914068649e-09
5.3191856834030486e-08
0.1145087933102452
1.970191470700195e-09
2.2712729063233695e-08
6.740307872811009e-09
7.401602704226041e-09
3.903935097463089e-09
5.12047291638644e-09
3.4391350352091812e-09
3.120782465736901e-09
1.8185300210560594e-09
4.859661287832035e-09
2.7159934685701486e-09
9.956749759345819e-09
2.863602519112478e-09
3.666878752605943e-09
3.0107758358972556e-09
3.1282962984639025e-09
2.0715671955362564e-09
3.0748837667819664e-09
2.641005383744416e-08
2.9576359312317224e-09
1.5289235238887985e-09
2.7094771339208695e-09
1.952671107342513e-09
2.075944654274537e-09
2.1047140674480692e-09
3.397636225914845e-09
0.05974946922794735
1.6245123300115487e-09
8.06575978748215e-09
0.9999999772515323
5.384535115332738e-08
2.0356796393925833e-09
2.6872588330921575e-09
1.4699715880834813e-09
0.11611675355988907
1.1022709610527773e-09
3.2164069211061837e-09
2.6110901662275713e-09
4.092497886679475e-09
2.114450252510329e-09
3.900552095394318e-09
2.1026365211122216e-09
2.461480573798403e-09
1.8148722825445014e-09
2.363787200289559e-09
2.5080796891667917e-09
1.2993308531423495e-09
3.714330677416482e-09
8.35566458351803e-09
0.9999999935898238
7.37640310207769e-09
2.897284298132746e-09
1.7305975819811755e-09
2.8207347114109755e-09
2.046274761124112e-09
2.816211216216849e-09
2.225629567960509e-09
3.4611518952282647e-09
0.9999999919404777
1.950388489746756e-09
1.2419473977264054e-09
3.0784972580269706e-09
6.823523125215725e-09
0.8915315637627095
5.011814602541479e-09
5.037091385992717e-09
0.49830084278482645
4.979119761005638e-09
4.6928103246534284e-09
1.3478919420714778e-07
1.4740725329243762e-09
1.2612922422917133e-08
2.2284413751375285e-09
1.6840571020882693e-09
2.400050902286097e-09
5.515714278074532e-09
0.9999999154019591
1.2209701687443384e-08
2.17785082986294e-09
0.4051744562085543
1.6893605270051778e-09
2.0394564499926112e-09
1.7328549298630318e-09
2.48190773303487e-09
1.2100253742891497e-08
1.6782211933013695e-08
3.3526408302393988e-09
4.529770553792562e-08
2.6370138139345437e-09
5.964876708293287e-09
8.748554827836398e-09
1.9369634764569886e-08
2.002158200339869e-09
2.413388758448379e-09
5.994672388197237e-09
1.442696595985998e-09
3.1615381671164018e-09
2.3190150225815197e-09
3.835261201799465e-08
4.839193117879757e-09
5.534631142700007e-09
3.593144701712041e-09
3.857960167954511e-09
2.474747236855684e-09
3.0038040625084664e-09
7.556077655172718e-09
3.3530768439738383e-09
6.475999394728231e-09
7.915897634739334e-09
2.8982866791645836e-09
3.290355328199162e-09
4.826677030313834e-09
1.159460492315975e-09
1.4542792843548222e-09
3.888738835411371e-09
3.017509939061159e-09
7.970631962190615e-06
0.04123858161765647
7.483052265341035e-09
2.0602275321611524e-09
2.29541075852782e-09
1.4603356239278203e-09
2.1013644246227457e-09
4.4925562903511624e-09
3.0885379032465316e-09
2.2254238516424274e-09
9.686766795469518e-09
5.3987934230397184e-09
1.8623819573781367e-09
2.3386224006792884e-09
3.104693723515512e-09
3.2616861174542005e-09
1.5540594150316571e-09
2.0416204764623246e-09
1.3938087030800928e-09
2.869721513598938e-09
7.846951403461839e-09
1.7232099895132177e-08
8.828617312250012e-09
2.0511836304874044e-09
3.725675711004909e-09
4.5851292648160175e-09
2.8836672178307716e-09
2.980400384881215e-09
1.1874739393553323e-09
3.2022031537809124e-09
2.0588018218209035e-09
2.5589425038191068e-09
8.869816066101009e-09
1.3363266915192713e-09
2.1116912026673644e-09
4.147263630504452e-09
7.090224375857886e-09
1.8810783331885717e-09
2.249622222848518e-09
0.9999998458323763
2.635613007135321e-09
2.683266467583051e-09
1.7551660303315145e-09
1.9791216800038035e-09
6.905788037813091e-09
3.5444884148034823e-09
0.21739739572639988
0.544556516348873
2.7382637454074696e-09
2.807007828758505e-09
2.0911738120541667e-09
2.965575704871008e-09
2.3738828311067706e-09
2.8448555877534486e-09
6.3566952485908e-09
2.548918560081008e-09
0.7262991694212251
2.935081189374986e-09
3.9603290163164725e-08
0.3971100492225339
1.7367313042042e-09
1.4382104074029466e-09
0.7794038764218706
2.8536002953885345e-09
0.9999999905358966
1.0272802622386343e-08
3.6332361049025177e-09
6.420114233729454e-09
3.978984593114685e-09
4.529362328882892e-09
2.2192783293728966e-09
1.883862068060998e-09
4.3438757521107374e-09
2.052915106045192e-09
3.0094680088071145e-09
3.4161345023421735e-09
2.249597067082686e-09
2.8896722977670118e-09
1.7804439618289422e-09
0.9999999946647523
4.0857112220399966e-09
1.9557759821209998e-09
3.928209972299859e-09
1.2906907279639037e-08
4.662762937080764e-09
0.999999928444618
1.6011129154176135e-08
2.3560333174678977e-09
2.0216344773419013e-09
3.2204097974975876e-09
6.4662659808292954e-09
8.030901098225202e-09
8.099332558871538e-09
4.328251098750913e-09
2.200670666634753e-09
2.1538625517901308e-09
4.651422899896185e-09
6.937165200325675e-09
3.5943437853033338e-09
2.8845613077390987e-09
2.275975076021764e-09
1.106575811487138e-08
4.060932461356851e-09
1.3044217180736714e-08
2.682809303652811e-09
3.932995133182509e-09
7.580584699838855e-09
2.1701688989624544e-09
2.2697071030384763e-09
3.091372210999808e-09
9.857583370539872e-09
2.347868511918204e-08
2.4388696895256913e-09
2.6024518035062792e-09
5.060109055388424e-09
1.8170594716357865e-09
0.9999998723325773
1.4275369657412188e-09
1.9052238993504446e-09
3.5384290968889984e-09
1.4466411153481002e-07
1.3209737703481987e-09
2.904047641905116e-09
2.2354681764899866e-09
3.03130948020527e-09
2.4445737084959968e-09
2.6412766504384264e-09
4.324637645120159e-09
3.0286494561053267e-09
2.1696205372000794e-09
3.536780794863441e-09
1.615723373626411e-09
2.083255730864397e-09
2.8807802578739444e-09
3.5507896094097343e-09
2.970518757685829e-09
3.2996049643670436e-09
4.384714285796828e-09
3.928495682031897e-09
0.6251239090954468
0.0725435966916062
6.057649997447909e-09
4.4776918784710825e-09
1.0229667845073812e-08
2.318052322617574e-09
1.7698688798381484e-09
3.279639679201e-09
5.2819899355837936e-09
5.845824722963695e-09
5.4805652548986694e-09
1.7974690772298958e-09
5.36211674092833e-09
3.78577922519602e-09
0.9999999844295581
3.490975766259412e-09
1.3534362956125874e-09
1.2507367633523564e-09
1.9795305225827167e-09
7.234482228713487e-09
1.0572904983999625e-08
3.4757942848859634e-08
2.031895018916575e-09
3.1179514111031432e-09
0.9999999817590843
6.400408539384237e-09
2.2487474292929372e-09
2.9098409005663352e-09
1.9696125997920135e-09
2.6248107910091915e-08
1.4514883121081896e-09
4.942915268475425e-09
2.362611889289701e-09
2.7677600320905488e-09
2.496940348150337e-09
3.0690066519937407e-09
1.2333877609376266e-08
2.1908173877385613e-09
5.828548444656806e-09
1.976508228804691e-09
2.2608614700373692e-09
0.0012526966905119156
3.108562163972532e-09
6.637562745408936e-09
2.407556806043306e-09
2.7166095819065e-07
2.5974387072484337e-08
4.8198798442750955e-09
2.6906025064628847e-09
4.688250189763285e-09
3.9539653966725145e-09
2.4875869841663527e-09
1.6327137871392026e-09
2.935024871372482e-09
9.846252971991792e-09
3.062216085055029e-09
4.860657889618428e-09
4.2270257946322905e-09
2.396048870768017e-09
8.21417759199295e-09
3.650287067519218e-09
6.299302170165809e-09
1.876294742924577e-09
1.7751996404756435e-08
2.478748894413925e-09
3.046113464082039e-09
4.04295599590328e-09
2.1504468076231877e-09
2.3402602627132447e-08
1.9599979643123075e-09
2.4950945584897357e-09
4.770589376736714e-09
1.7115292784223233e-09
5.704581244460906e-09
2.2952165799444233e-09
5.759295505648164e-09
0.3201519490601913
3.0712748895389824e-09
2.125391093787151e-09
3.534501381871123e-09
0.9999999374728591
2.423897905910135e-09
1.5954383550569204e-09
7.715702630340178e-09
5.7432574367795154e-09
1.181633480690667e-09
2.462740707938794e-09
3.0683790263476383e-09
4.15208904546792e-09
1.0695984471553807e-08
3.4612442736117077e-09
1.8999939344520386e-08
0.12752087249588617
2.8505801566001973e-09
2.179757489593331e-09
3.447774030246582e-09
1.6571100788967105e-09
2.390792302739963e-08
1.2996729937219813e-09
4.933526265195807e-09
1.6146598447784876e-09
5.0828051542233376e-09
3.013340095448634e-09
1.3487472921785992e-09
1.9344184797190796e-08
1.3622226467067828e-08
0.7394538620708317
7.68722951695789e-09
3.3247636105993136e-09
2.6109985773340817e-09
3.198145177967643e-09
1.3118649377201893e-09
7.748474413352457e-09
1.8616005865733144e-09
3.4818249305681342e-09
1.7605801096586679e-09
2.3513570680279195e-09
1.960450904228236e-09
2.496072107114659e-09
2.6308908628218596e-09
1.7713088073589885e-09
4.101654071094936e-09
2.251436394497694e-09
7.945048492955473e-09
2.3820183139268432e-09
3.177878040513031e-09
1.5833230069677687e-09
6.430843065978802e-09
5.547554556952221e-09
1.1447208006675475e-08
0.999999991531247
1.984648842116759e-09
4.193968648102901e-09
1.5239902277935644e-09
3.825924248997193e-09
1.542092778183147e-09
2.2717857862704553e-09
4.2604639711512585e-09
2.704724728288511e-09
2.241126016731823e-09
3.038985397920647e-09
5.155842416192706e-09
2.2576061554265216e-09
2.2502006012599377e-09
3.5080086988926775e-09
2.392829616268078e-09
2.635176541516787e-08
4.084390094440651e-09
4.153821934263011e-09
5.2105485263202745e-09
4.568628236847072e-09
2.304861065026015e-09
2.065365178385613e-09
2.1263468757258903e-09
3.9747185915022094e-09
2.9815492580995926e-09
1.433384316915519e-08
1.8475991675905649e-09
3.2528676777931832e-09
1.2392739552570755e-09
1.562924485383021e-09
4.906296864248007e-09
2.1142816215588174e-09
2.416574273505422e-09
3.134513866713615e-08
3.837505033323523e-09
2.9508517000053077e-09
3.41710207070496e-09
2.890031762889406e-09
2.6448653224361913e-09
3.2186343621982148e-09
2.82714764513106e-09
2.3229935389340695e-09
2.1985079107658424e-08
3.4801030482152405e-09
6.87385892371026e-09
0.34986596036129586
2.4687924021382264e-09
2.9307306003131524e-09
1.6320314491386678e-09
8.095917480181434e-09
0.16135302540853574
3.5048947638588757e-09
0.18633289360370672
2.7245788730722144e-09
1.240899818487079e-09
3.6227942749388777e-09
0.23057139177860478
4.072112933990795e-09
4.910340683515014e-09
1.7149399807825817e-09
7.078331816159339e-09
5.974419360502008e-08
0.32077494957496516
1.8720711540744076e-09
2.898806760454817e-09
3.5090963621152825e-09
3.0386986580919943e-09
2.4354746550338853e-09
3.157771172859228e-09
2.6577863952507444e-09
1.3851155371664338e-08
3.461673428050691e-08
3.75507608143926e-09
0.2651766781890047
2.467281296184538e-09
1.986877919353348e-09
8.529089896849387e-09
5.636424821539257e-09
2.8343206936067885e-09
3.325262501519999e-09
4.883133132524981e-09
1.782241944470051e-09
2.8015942725647523e-09
4.5954447446812835e-09
3.01781112470067e-09
6.107309025851683e-09
2.7785745730096865e-09
2.1221583118928227e-09
2.5229274673870177e-09
1.9375462804497912e-09
2.030158174434722e-09
1.110046968979122e-08
4.737039651872997e-09
1.5391683726237968e-09
3.8405778082417204e-09
1.6220388082970409e-09
3.07210117123352e-09
5.484900873876885e-09
5.650031902922415e-09
2.8172094388258076e-09
2.7941058322215997e-09
3.3067227280483835e-09
5.238272183064051e-09
1.705933776327688e-09
1.7661369398163712e-09
1.4199913694391458e-09
4.193892711484897e-09
0.026058557783060432
2.6910002155598058e-09
2.220887190648049e-09
1.190388298347827e-08
2.8490667430675463e-09
0.9999999921123801
1.76639136663422e-09
5.313241225239371e-09
5.2613946673692775e-09
2.7650409117972884e-09
1.296621542519025e-09
7.833905210688015e-08
2.5030148701618156e-08
1.7681197146477474e-09
1.9251336929631657e-09
1.745109422926556e-08
2.461922316881389e-09
4.1337037217371615e-09
2.3586920837596695e-09
4.961110417919732e-08
4.245196975501698e-09
1.4498839006710043e-09
1.6984187443582302e-09
1.0948352106150743e-08
2.692287346469458e-09
5.000433130295562e-08
1.7714322968333252e-09
3.5716803489555558e-09
3.171127635954117e-09
1.5147447050726484e-09
4.6799259883207325e-09
2.216712470519268e-09
2.0274277376994674e-09
6.278990609553214e-09
5.001232525181706e-09
4.754747385263701e-09
4.505588664231024e-09
2.2301736468269127e-09
2.7745421359034255e-09
1.3851022596050274e-08
2.1626751801312267e-09
3.504223866935853e-09
1.8409306167390156e-09
4.788979103027013e-09
1.1491702787945889e-09
2.1221136877688188e-09
1.8242093066246706e-09
2.5746294590375488e-09
6.268173982492846e-09
5.871197641661438e-09
2.119345077418294e-09
5.1709781690194715e-09
2.338657561913157e-09
2.7033246738794573e-09
1.9465651358006444e-09
2.1246060939956144e-09
7.171625809694615e-09
9.049954113841311e-09
3.4638078646520375e-09
1.921166971049696e-09
2.412132649952913e-09
1.996797777470098e-09
3.5288176809814484e-09
3.1769303262917395e-09
6.989842414886242e-09
2.7571147232283616e-09
2.310596706847058e-09
1.4866852437566088e-08
4.117482439806726e-09
5.114179387211972e-09
0.2586556480088299
3.3054086653443232e-09
7.698723148094156e-09
2.24815404590435e-09
0.14796789663056784
5.100577479281651e-09
2.237099132947163e-09
3.0486654555020557e-09
2.195472330993347e-09
1.6012999770678504e-08
6.4284830019560495e-09
3.183038225265599e-09
3.1084867491170594e-08
6.97896751148864e-09
5.121179975102626e-09
2.8405471883314747e-09
2.033838810516747e-09
2.230700768522085e-09
2.2628864487235374e-09
3.887507663762536e-09
1.5517961745082915e-08
5.27255825380317e-09
2.573131790263626e-09
2.7994960211449637e-09
2.083554624765959e-09
1.2155463592205842e-09
5.059900814722537e-08
3.634998832626421e-09
2.761234188657568e-09
1.4223850259645875e-09
5.2641267231515775e-09
1.8852145276143425e-09
3.547995064087979e-09
3.490041432777983e-09
2.865547378498376e-09
2.6293847392873958e-09
0.9999999624290249
0.7238090758046514
3.6670996418928187e-09
7.281654364948015e-09
6.419025696584088e-09
4.310397368129248e-09
3.6385554696941824e-09
0.010829724924520947
2.4649347902398767e-09
2.2337267886944077e-08
0.1582406980426859
2.182123807368e-09
1.933691121690654e-09
2.995438686882717e-09
1.5992155468785705e-09
1.0682633839071378e-08
0.9999999640537669
8.582575907898784e-09
2.2248397617777953e-09
2.515709576334779e-09
5.363578545341503e-09
2.4418425523972984e-09
3.71937081485267e-09
2.8957754597232338e-09
2.781388035998752e-09
2.4617225341435437e-09
4.307953581673816e-09
4.492781461649399e-09
2.5426646657611612e-09
1.3187377748211098e-08
1.5043243635243174e-09
4.374763917290202e-09
2.233495628957776e-09
5.56703841129307e-09
4.817494216515333e-09
3.6825041023008336e-09
0.9277317905613984
2.0207195351271626e-09
3.625840433909698e-09
5.685056834701851e-09
6.018868997431889e-09
2.2193395714417413e-09
8.606603549969585e-09
1.6876073792809752e-09
0.5885732067546606
1.92249285483593e-09
3.13737658014317e-08
1.8350237170054465e-09
1.0812070918575556e-08
0.6221909142306356
5.593274571855999e-09
1.911811992461478e-09
7.697798154223209e-09
4.511684781820477e-09
3.5676800229898285e-09
6.679702766208334e-09
1.8858311305822183e-09
5.705211491428174e-09
1.9866807969645026e-09
1.470541309123442e-08
1.4277347808882786e-09
2.9205890222770317e-09
0.6251761794879847
7.909038222065379e-09
2.488578862745829e-09
1.7801174648845976e-09
4.8835344359025616e-09
2.304880075738326e-09
1.4174937835473807e-09
3.3914381194793303e-09
3.059631663378208e-09
1.7929263054528273e-09
4.8053798381197146e-09
0.023029755138421478
2.776680658731367e-09
2.617039619911274e-08
1.1672569679898462e-09
1.6247325542441506e-09
2.547522274061946e-09
1.3553140192593084e-09
2.1336564605752303e-09
1.960787995784593e-09
2.6778632309555895e-09
4.553774865712521e-09
2.2818863169969787e-09
5.3530289386890555e-09
2.9815055963364913e-09
0.6125172332862002
4.740207746688389e-09
2.146019063238001e-09
2.501463851576032e-09
8.016519932692905e-09
1.6589578910230106e-09
4.3371361293502224e-09
2.5522885910843794e-09
2.243416540283324e-09
0.9999999914967163
1.944373638349409e-09
7.98914446911233e-09
1.9225347948284973e-09
1.4598478694809461e-08
1.7837338445738242e-09
1.7579880074461275e-09
6.43253718184411e-09
2.2791135406023947e-09
9.714103910052508e-09
1.0888935565708152e-08
9.596814516660085e-09
4.517442225892756e-09
3.020525253416496e-09
6.382030909993256e-09
1.0375613078926074e-08
6.478564636726602e-09
2.707021447087142e-09
5.285069177454043e-09
4.618361366879255e-09
2.281436912755639e-09
1.9591692522986945e-09
1.7078576317067544e-09
3.3816078464881237e-09
2.4420873479102376e-09
5.11454199198508e-09
2.3015688797415746e-09
2.7217120722169764e-09
2.495130451108197e-08
2.924144524519634e-09
1.674148771085179e-09
3.910687131716243e-09
2.125869522082314e-09
2.6546925624399316e-09
5.25315673458792e-09
4.402543368926792e-09
0.9999999807793425
8.794187164034922e-08
2.3190283659156663e-09
0.005847911456060364
1.5887146153352025e-09
2.378513357565916e-09
2.1945020205860795e-09
0.9999999861649562
1.636335667053454e-09
4.303486146921854e-09
1.5888427524943738e-09
5.136762983656626e-09
2.8403985267359328e-08
1.7057163001481177e-09
4.979379513435039e-09
2.5787241823476118e-09
5.974695752737905e-09
2.9825574595451267e-09
3.054818572279217e-09
1.0989463231159806e-09
4.758812968060827e-09
2.2940582292813347e-09
3.362064573047754e-09
5.885346781461285e-09
0.03088716101053545
1.9191830565949296e-09
2.0234659114503214e-09
2.2278295166178732e-09
2.251986475176567e-09
1.0738927317405016e-08
2.5509441030158434e-09
0.8547120976929934
2.6760779662388424e-09
3.98091928281446e-09
5.0702844114734274e-09
1.9541007390186632e-09
0.9999999748699686
2.0755665803747502e-09
3.1156940054341556e-09
1.0626814053184803e-08
2.335085189964992e-09
3.1905533621149486e-09
4.475959137732575e-09
2.7845724826889995e-09
3.029071423640051e-09
5.7624647136163746e-09
0.9999999925551918
3.4453674584584e-09
2.0533968334425645e-09
1.0565887106381641e-08
1.3987271759733973e-09
3.98960453290978e-09
0.3550440710471404
4.7592515889425936e-08
2.0057927059789475e-09
4.6086780350180535e-09
2.1162408856603902e-09
1.2529153548906766e-09
7.275234211783354e-09
3.3215474506256194e-09
6.358470266372271e-09
2.036318748118584e-09
2.2716026766441045e-09
2.604380590089542e-09
6.238760645392639e-09
5.807090840682269e-09
3.4840871934973496e-09
4.275704182436403e-09
0.19838116057266297
2.27567781458782e-09
6.877187383568913e-09
5.728169164063628e-09
2.065907195252647e-09
3.112991190920809e-09
5.971741093460011e-09
4.900827995218364e-09
2.4706468573142058e-09
1.7217963073931836e-09
1.3896240592630723e-09
8.507729594177802e-09
1.3361183594443772e-08
1.4446373430662715e-09
2.0091805148874234e-09
3.0050012632583803e-09
5.424942589042104e-09
3.5821519565736696e-09
5.5938539452766474e-09
5.925801295465967e-09
1.5512826952673369e-09
2.5536228497960867e-08
2.3139088620256824e-09
1.6697372619277567e-09
1.6662354232665512e-08
3.6268436225969805e-09
7.505741808748937e-09
7.21010324218997e-09
9.031973967571035e-09
2.775887575824526e-09
1.01644526861298e-08
5.2824919460025325e-09
1.1137182605758174e-08
1.5128672798238317e-09
3.044367457107028e-09
1.9551420555070384e-08
1.1821476589805744e-08
2.4159229847958882e-09
6.624694709395082e-08
5.472146866042099e-09
5.2518481998829275e-09
2.340266240968417e-09
3.3812306996492205e-09
0.35370232162131254
2.2220387312290273e-09
6.0472360982376606e-09
1.6288780423148757e-09
4.172690594968402e-09
2.551143616468724e-09
3.650792951411273e-09
3.010652825637496e-09
4.00882755420313e-09
1.6622705581157962e-09
2.4066487398907376e-09
0.5342951158629654
1.903003830029047e-09
0.05063273508134571
0.27213790872126475
1.0695900531511027e-08
2.3858106722255372e-09
2.6372883464337415e-09
2.230692755917363e-09
1.4924797794950222e-09
1.2120839270139412e-08
3.5864912193006773e-09
3.0914260694953892e-09
1.6408768332025784e-09
1.30431456360724e-09
7.45983836275259e-09
4.537384232261515e-09
2.9270791289741263e-09
6.384621087233159e-09
4.948158779984995e-09
3.1619745770532e-09
9.580706680107116e-09
0.7439474490361573
3.848420656805624e-09
2.0118421148447593e-09
6.651281229979518e-09
2.768515577338832e-09
0.9569082035442433
7.703349143609055e-09
1.722169588950029e-09
2.3884413165935033e-09
1.0582423066493112e-09
2.307828535879874e-09
2.913219017745339e-09
7.146002840242883e-09
2.3375393682183126e-09
1.7464034487744229e-09
3.0188575466968194e-09
2.8293014492938477e-09
2.690969030113666e-09
3.3228163143493514e-09
2.8917344043050723e-09
4.0636652006741894e-09
2.9238944596081115e-09
1.0987932607902255e-08
1.926585233420539e-09
4.748796174482727e-09
1.6544163191737505e-09
1.454955534638523e-09
1.0405255206609615e-08
2.291203598745503e-09
1.3758395134490195e-09
2.9762775482746584e-09
1.1942058454685785e-09
0.9999999793013823
1.345783438282911e-09
0.361421622484436
1.786078620134059e-09
2.6086124468233456e-08
3.6017677396586767e-09
4.4891401478798225e-09
1.9935266465286596e-09
2.1914886165215656e-09
2.6804418931719835e-09
3.406099184600622e-09
2.458054458450418e-09
4.604783614616532e-09
1.906928084565083e-09
2.8385547642601282e-09
5.664337726285783e-09
1.5423915197904367e-09
3.530361051146375e-09
3.0924577931216508e-09
0.09971211468314259
4.125532850734271e-09
4.198848691508282e-09
9.87994186695013e-09
1.9194342596219543e-09
1.6728777268141316e-09
1.0427296552346302e-08
2.6661292983888473e-09
2.2247018154270067e-09
1.795152308703453e-08
0.9999999532635715
3.740137354257277e-09
3.422962918786249e-09
2.0639696995821433e-09
6.484713506429056e-09
5.4757748206833905e-09
1.5595104650081598e-09
5.648105428623858e-09
0.13619104420599656
1.572264815848202e-09
8.950432937625852e-09
1.8814362455960136e-09
5.329989196660424e-09
2.1363159024278324e-09
1.9749797209419636e-09
1.873542630894878e-09
6.8689833444588765e-09
2.269350909110183e-09
3.3444629805224178e-09
2.2236746853303057e-09
3.2644399706101065e-09
1.7747304610360918e-08
1.4178287458148084e-09
3.4232840795507427e-09
4.6040743766867755e-09
1.666751516466623e-08
3.5729047756648016e-09
4.227912859957389e-09
1.659795948915481e-09
0.9999999814383485
2.7097354762608846e-09
6.4552412965903645e-09
1.736866829771672e-09
7.001791058606147e-09
0.6507019572748316
0.0904071073108437
2.4287872873585124e-09
1.3978458990484179e-09
8.052808758949089e-09
2.3895070352803e-09
1.841286486252096e-08
8.242544270128037e-09
2.808018160444541e-09
2.2016354733757296e-09
1.6378526600960038e-09
3.7056715969485264e-09
6.202896249987159e-09
1.5652810860381204e-08
6.28519078499726e-08
2.8479277531998173e-09
1.3520237048164448e-08
4.32772178996184e-09
1.4568112344333454e-09
3.127660192023302e-09
1.8917429023008984e-09
4.41672135743988e-09
2.652211481721776e-09
2.5926188018376265e-09
3.660173290764797e-09
4.0968792377930275e-09
3.871849926963824e-08
5.880422821223654e-09
4.0423385272890824e-09
1.3120720971237086e-08
1.2330041701476604e-09
3.012902093614e-09
1.5746446752833978e-09
0.5169085411669359
5.90097675940587e-09
9.417691615845857e-09
1.5268210307206405e-08
0.13122302124263457
2.136088199373151e-09
2.9620671535129833e-09
6.97385945898334e-09
2.3281232450517376e-08
2.1784809378440987e-09
5.6339776476758356e-09
5.732927008045811e-09
2.8495128926611946e-09
6.038844991350457e-09
2.4358039451227696e-09
6.5446985050582656e-09
3.668101151060447e-09
2.061260413464318e-09
2.3624334068535433e-09
2.298479525313572e-09
2.7448930843762186e-09
3.96913842589048e-09
2.430888984635235e-09
3.0493769342224566e-09
2.152249342949841e-08
4.5366574711029056e-09
7.0456005424739434e-09
1.7835947985663119e-09
2.76197372103002e-09
0.018441861435377235
4.527711684666076e-09
2.195922986743887e-09
2.998255883728922e-09
6.971767678606521e-09
1.7238473485216974e-08
2.957033082184493e-09
1.289472272291292e-09
5.3588540869050705e-08
1.4102488327684105e-08
2.9665067378286135e-09
3.873863615125866e-09
3.0787036128525686e-09
2.2336395959156717e-09
1.8629200363548525e-08
0.897229556013214
2.287860039306685e-09
2.0641302974264083e-09
1.7089332523765954e-09
0.6533002743499088
3.144566781209821e-09
0.7050001023834785
9.520904387498953e-08
3.7026314012774474e-09
2.4313233999730518e-09
1.2152039832685904e-08
9.9269431025253e-07
3.5368885330849544e-09
2.340172217823485e-09
7.674208951853433e-09
1.681212394485432e-09
5.093687152897621e-09
2.0045633346840427e-09
1.5281425906422e-09
3.298053067893517e-09
3.1146586821427704e-09
5.067830361360458e-09
6.26901108860274e-08
3.014783775726464e-09
4.90504142176406e-09
2.8527597838090847e-09
2.0708042114528247e-09
0.2270282664355568
4.124464688142745e-09
2.170975584840809e-09
1.528932806453545e-08
0.9999999572196322
1.8398958836044284e-09
1.2745480929094195e-09
2.8352271454598263e-09
2.6693602696788154e-09
1.2543215502424347e-08
4.798018830910444e-09
1.7252037833926164e-09
5.131921158033303e-09
4.210920138007426e-09
2.5868384935804135e-09
6.7002387912631526e-09
2.023822594073975e-09
4.17403929339388e-09
2.0985051403317266e-09
3.0705352077630563e-09
8.634607220826239e-09
2.058511061735283e-09
1.61537591083298e-09
1.7859319483423512e-09
2.6411191870058965e-09
2.9210572273732095e-09
1.5533567782298724e-09
2.3337080496414408e-09
2.1919672722896304e-09
5.066629348815417e-09
2.8574439101459257e-09
2.990734391655922e-09
2.4366896351657466e-09
1.7118814111151168e-09
1.5844737878719526e-08
1.2933181271753114e-08
3.4370861325843795e-09
2.4391323070958063e-09
2.7867485500756085e-09
1.7565215103370665e-09
5.350056767294015e-09
2.95309858823008e-09
2.626620782103029e-09
3.236732618818125e-09
0.8482641530658211
1.6779147543520575e-09
3.745122096711981e-09
3.454582967762346e-09
1.428213221481527e-09
2.8349265361170886e-09
3.93112192757084e-09
1.2140063200660456e-08
2.395779601049332e-09
3.785538478519835e-09
3.2146856877931733e-09
1.6373420151629887e-09
0.2578763697793301
2.4665711945977054e-09
3.5016576212131396e-09
9.151210108162029e-09
1.953511336054466e-09
2.1241450639757066e-09
0.09616687390845037
3.3878407052151438e-09
1.5669511345231486e-09
6.725068838231937e-09
2.8684814334182635e-09
1.1140232765384023e-09
1.7854515085948377e-09
2.8955717993206323e-09
2.8741768332612884e-09
8.079015755365006e-09
1.3457595963141216e-08
5.064952814553291e-09
2.5770158732964325e-09
2.0074337944392907e-09
3.232701355689379e-09
1.5365382212973131e-09
1.2467547865883994e-08
1.9431959783616562e-09
2.897177233446326e-09
0.9999999730107313
1.334590227314782e-09
1.5209135920010264e-09
3.0501670521261337e-09
2.019694474796577e-09
1.4897191286107191e-08
0.15505389480468143
