3.524909451092322e-09
0.44557329587744704
4.254518428772488e-09
0.9999999843506301
1.0832033155404366e-07
0.3889045904246149
3.86305694338112e-09
4.143541325529785e-09
0.99999982341437
0.0001070670956318505
6.255116131179608e-09
0.24798652465723645
1.3254327488697359e-08
1.442155244518803e-08
0.6832152792187826
0.9999999854847115
0.28992501664492293
0.7577802396815378
0.32354171913108587
5.142355103699911e-09
2.1568896488458678e-08
4.6547086395156005e-08
0.23087755346944125
0.3859258289534902
0.17986374101882394
3.3222834100689917e-09
0.28442826517742137
8.112630318618422e-09
0.9999999376832215
8.281344690117174e-09
0.44405171417433736
0.35903148758684245
2.2956712608728702e-06
4.3965804942264835e-09
7.629858796112634e-09
0.24576213008073555
1.9402909957947414e-08
1.0411029906013756e-08
0.05053729914546884
0.7609399522687634
7.175476216944192e-09
8.996644456954807e-09
0.00012238196528471275
1.0279809483277749e-08
6.8390127302156885e-09
0.36918131247199387
0.3428423052827019
1.8161759678724463e-08
3.9179108464325376e-09
0.9999999816889216
6.875301594235352e-09
5.500981109788623e-09
0.42397677888658497
2.474347510017454e-08
0.22529919199243667
0.9999999932424238
2.2851983308595195e-08
2.851016832725444e-08
1.3614000439961073e-07
0.20139822783193903
0.3892943978732733
0.8080208564929294
1.2852247077607029e-08
1.2337578545418872e-08
4.839094763227592e-08
0.11126321045290258
0.5633440664820784
0.9999998201754726
1.69860360914192e-07
0.579594545051241
1.6790326514116344e-07
1.8424291680475734e-08
1.4530233546998449e-08
0.9999999695521541
0.5422546109809592
6.424016465723054e-08
0.877461426856642
2.737518336236664e-08
7.311761837139922e-09
0.9999999921439311
4.09891613660443e-09
7.837412417269263e-09
0.6306402675292824
0.9999999984455066
0.9999999961387743
0.027022045935659128
0.2366350937140326
3.0216590117580463e-09
3.1152430957668246e-08
4.146985440356971e-06
0.9999998131954132
4.640617786026837e-09
0.2418246682897989
6.1673220300557366e-09
6.680581606855789e-09
3.6781831357368204e-08
0.29044529724427554
0.9999911390962437
6.242453320059918e-09
4.801959285198024e-09
0.6872502615319989
3.905790771102589e-08
0.9999999979709471
2.6752840218173758e-09
1.3962732065149607e-08
0.2299940729635258
5.678184056215261e-09
1.3362890576494751e-08
0.2855540893385117
0.28667103659850063
0.01027521150836445
0.4338893276545028
6.043694155476255e-08
0.3029785667241611
3.9616324584262e-08
2.809162226304212e-09
7.533348177919642e-09
2.999300319647789e-08
0.7953292078917584
0.04358664199168929
4.08566155591621e-09
0.31272979629404785
0.39754565841872663
2.0172587449832006e-09
0.9999999623810272
1.4436478818418384e-08
0.1341957202155621
0.6607860049854015
1.0057922587868301e-08
0.9999999936374289
0.5251473295910599
3.3130045309134673e-09
8.276719928922485e-08
0.9999999911901566
0.040840306259070716
2.752480617579799e-08
5.3261362773595435e-09
0.8510677527822751
8.12457304998516e-09
2.569705586951975e-08
1.946911504064546e-07
2.6525076455679097e-09
0.6886339860642201
1.3618497608145246e-08
0.2380831435606696
9.296252399139792e-09
0.06666680955269189
8.780324114221719e-09
1.8318832538433023e-08
2.1668693302611948e-09
0.9999999926207639
4.845635000013644e-09
3.5850289035876566e-08
3.697636009889175e-06
0.8378095152447157
0.2723542737419396
0.4434094127032557
0.18459970904766243
3.1855752517566795e-09
0.7679017193251563
3.75836998561476e-09
5.3344453994659474e-08
0.3865707420628739
8.338780063606565e-09
0.7204085660758744
0.05794122409487462
0.275924109972634
3.069755180656697e-08
3.740239604982351e-09
9.35324325129992e-08
3.5550304673564206e-09
4.811683962591744e-08
6.666594757938252e-08
0.18800455950630163
2.902373292183506e-09
0.45467054538878837
0.09468138043498289
2.833241669991926e-08
4.6254431534358864e-07
0.17893146961504447
0.9999999963356669
0.20628724553228034
6.288099115871419e-09
0.21465981494335645
0.999999880847244
0.4639840216337754
4.494381945133335e-09
1.1350665772649254e-08
5.009181023671263e-09
8.169327429050162e-06
1.5460102239493798e-08
2.2465665713197424e-08
2.2445799170420104e-08
0.25603475648007384
0.18780844752632656
6.329181833544314e-08
3.9821493337389587e-07
1.0209586599251086e-08
0.6599024417197991
6.132988084044846e-09
2.523283454897305e-08
0.19573677148321408
0.224073540074827
2.2504619268484127e-09
2.962553794596067e-09
8.069043066285555e-08
1.6552671951384247e-08
1.4216983474023695e-08
0.11815274565231153
7.967603895207407e-08
6.0706331378723575e-09
6.71966937594954e-09
5.759504079668648e-08
1.934427648469312e-07
0.0734478903788792
3.092967209793148e-08
0.05404650987603889
3.702715046171216e-09
0.7436911953759916
1.2333231008794139e-08
0.7587200021554362
2.411086781660104e-08
1.5456795499462796e-08
5.4894222826307824e-08
0.9999999894027376
3.610046524460036e-08
0.13520761242864307
0.11331322127720683
2.9934478425737854e-09
2.4171595543523688e-08
8.89170100875889e-09
1.4336088704057556e-08
0.193835364741048
0.22626639002095417
5.627091044330515e-07
6.2805444363988335e-09
4.925242741660362e-09
9.756666502819895e-08
7.496645324041366e-09
4.994965058644477e-09
3.309515931677424e-09
5.4144194550865266e-09
5.469768042566972e-09
0.746141214746955
0.9999999951545285
0.3000511844799929
0.6470251555121553
2.2518254802361957e-08
6.027038962034544e-09
5.4803689157825674e-09
0.03561261445347747
6.5879389968358336e-09
0.6208808032914909
0.999999984901415
1.0324877501272028e-07
8.85024111532924e-09
1.4528037309081593e-08
1.3846210097435056e-08
1.906188461820273e-08
2.3459714879730025e-08
3.20794321157864e-09
1.4066958071219846e-08
6.550133079563338e-08
0.0006497442252032912
0.9534862737980211
9.736011521151954e-09
6.874786374415265e-09
3.910034665488628e-08
0.27540108232780863
0.014839568275470536
3.6140047375286645e-09
3.7138303960385236e-09
0.14164234337389434
0.09225106855152224
0.10864623359117836
0.5691593581132575
2.3561032243567086e-09
9.76372114319277e-09
3.912983445731526e-09
6.516742796593737e-09
1.0044314847680821e-08
3.4560380697759565e-08
0.4415664393097496
3.2011305752242624e-08
2.394180036791127e-09
9.886968786816769e-08
2.9791163195664258e-08
0.3734448232019089
7.982467102349337e-09
2.5396539539959282e-08
0.22678158108291624
1.1631809027275725e-07
9.874729851426721e-09
1.7494938417706928e-08
0.388963772432267
0.09346038620253738
2.2870558761042353e-09
0.6418530582182567
1.6685678294747565e-07
4.192796226073624e-09
1.8126769527769246e-08
7.420451457916859e-09
1.3338806473399887e-08
0.3642462794013874
1.0203941529730441e-07
0.1881111101401902
0.8589478583377135
2.1766073080886678e-08
0.3422689254192582
5.315952679125027e-09
0.40431643131924105
1.3053999978919579e-08
0.5696270030061354
1.9546799333559872e-08
5.938069188586441e-09
1.5851269028317384e-08
0.25958860176662757
4.561102481918292e-09
5.041004326005651e-08
1.1283224282172472e-08
0.04390542009649844
8.509139702651936e-09
0.20163775484330992
1.3481332064228151e-08
0.9999999889916529
6.662485904042558e-08
8.130601917823278e-09
0.9999999969936798
1.9854707974864413e-09
4.16780645287932e-09
0.890341161757727
0.9999999894098657
0.44312555640170803
1.3591927717069794e-06
2.4814780329557026e-09
2.0104355591198686e-08
7.456821997524245e-09
3.780004730408419e-08
0.4772194933583664
5.589603015482498e-07
5.5630338917419565e-09
0.24285893951783022
6.7583116703676816e-09
0.7243395429367382
9.057135378725244e-08
3.4105419532717336e-08
0.1414317342374707
0.39534544171095576
0.9629970557375821
4.456653716920221e-09
0.9999999898978843
1.1781907205563117e-08
2.5794349359955915e-09
1.017269760908747e-08
1.0434217205454473e-08
4.7162805436937255e-09
2.0606728748195154e-08
0.999999979171438
9.696857108397652e-09
0.9999999663789171
0.9999999785069972
0.0031104936700152136
4.062601838153491e-09
1.9807260924973984e-08
1.5302444256696765e-08
2.2522613836466744e-07
0.5565264955566904
3.162133160811536e-08
3.664845863046149e-09
7.825611771860315e-09
0.11074964988053729
7.805401660573516e-09
7.018404392632934e-09
0.9999999974393999
2.3846965885050686e-07
2.551698332780193e-08
0.7746645550201489
1.0333612372239338e-08
2.116990612198474e-09
1.4493467641647538e-08
0.5574398382830204
5.261394656637398e-09
0.0642672800223897
0.17511645708168602
0.7313503369706992
8.683614210398644e-09
0.007831114783665218
8.61635354532113e-09
0.6566853341452874
5.3652700495191786e-09
6.905036830319296e-09
2.274231574158851e-09
1.9335631752920328e-08
6.4344718209017785e-09
0.9999999906648388
3.3431019323365287e-09
0.7441234814709097
0.11235880511686278
0.20774389669120358
0.2503514134987098
0.999999993726252
0.817169062190426
0.25390250687527943
3.0011693674077716e-09
0.8514480548130083
1.6579614332506254e-08
1.0615295506395422e-08
0.030527006224460255
0.6825243454527897
2.4544700727627557e-09
0.9357003315630611
0.09262639308532478
0.999999991016456
2.3437007212670017e-08
0.9999978129555304
2.048456806731735e-08
1.750633147191895e-09
7.402231067540837e-08
0.38508559301275935
0.7030103227253152
0.23449784323394995
3.0023372244443358e-09
0.12823107108622098
8.363668648245997e-09
1.1038894388647455e-07
0.34214889021268924
0.15753122207433898
0.03323646810944204
0.3940373872525391
0.06756816368727343
2.6197483991535677e-09
0.4491681470318053
5.226238710268606e-09
0.6605091417489227
6.84996998979281e-09
1.1435311350802562e-08
0.1872425858429821
0.3732199134958646
2.0349552070606307e-07
3.3187088305440603e-07
0.6486577910158134
0.003918235499230867
0.19294970024269587
5.581026057178808e-09
5.920276399730071e-09
0.9999999825903518
4.6578300266589614e-09
2.2590457053260913e-09
5.937846440963461e-09
0.3594067306423816
6.042735254794818e-08
0.1353920174254358
6.0517649387071646e-09
7.1548809920685195e-09
5.30571516672389e-08
0.6694703390671681
0.9999999670635618
4.84458565046047e-09
3.8086655261500724e-08
3.13876088336965e-09
0.9850666078461643
0.9999999937185705
0.7172169943193314
0.2609748294961194
6.400143155685892e-09
0.45948351006574856
0.9999969375383263
4.576421090047499e-09
1.8062074257565813e-09
0.4144122031392567
6.784431144400323e-08
3.5679747511552486e-09
8.065626184439015e-09
7.46469478974869e-09
0.9999999856827695
0.9999999929732951
1.08620188868536e-08
7.83559268990156e-09
0.2060489319951788
0.9999999979961605
2.2372046526012956e-09
2.5318000277086062e-08
3.1554961013902144e-09
0.12566090913827088
1.4429942149423323e-08
0.8918920570780334
2.2590081512191544e-08
7.378340767862157e-08
0.8965391765820111
3.3031637762098823e-09
0.7985862305379339
1.2090422717461583e-08
6.644860296040579e-09
0.3780806392505873
7.180958365953239e-08
0.08357358842021871
0.8501506983760534
0.8772883228076253
2.480882273457101e-09
0.06591913766012746
0.11914206635671151
0.003026534986664058
4.526865936789752e-09
6.650016040596142e-09
5.3812994141128145e-09
3.1266762411265963e-08
5.4852329204058174e-08
0.1603408911581344
0.5027404991581148
1.2651365068390551e-08
0.7353409158813595
0.7832221185888832
2.8963723704375413e-09
1.2418046762483256e-08
9.717032382915548e-09
0.9999999952074392
0.2789930453477626
1.5898500585312133e-08
0.9227775460796623
6.820651749374989e-09
2.854507903892913e-08
2.184615733472375e-08
0.26479586007042527
0.015087350914130597
2.4766163031450585e-08
5.508863019173815e-09
8.59399677697521e-09
3.075853903928125e-08
0.9999999827473165
0.9999999892771525
0.7564989775091289
3.1804525655302863e-09
1.898958152179307e-09
0.4079035121056426
0.400640018772471
0.9999999961391807
2.815390264421943e-09
0.9999999687340425
8.540543325990971e-09
0.9999999965663173
2.1665468024235227e-08
1.171166443683002e-08
0.5265894603621123
0.018351610700329948
3.2836044319743753e-09
2.6614365257023277e-08
0.11846402818284354
8.770603903077793e-09
0.7893464194924659
1.0751626588996798e-08
4.219156140255692e-09
8.904262340784417e-09
3.148290139566664e-09
0.5442947565176256
2.2890751764300493e-08
0.4106860282527486
0.8609904651178083
0.35759286289282377
2.4198578039351422e-08
6.5079355345378945e-09
4.939874448435848e-09
2.859410805573427e-07
4.1856412110532323e-07
2.073664827628838e-08
2.9206608925142342e-09
0.9999999919835855
1.3050137259020788e-07
0.07077531502386566
0.013711850269159893
0.21096505533241036
0.18928453305805834
0.6679338676310821
0.9999999939171648
0.004854503654521741
1.796646502762697e-08
0.9999999935045503
0.4984431252854334
0.9999999313014115
1.1954378404865904e-08
1.6888122161558572e-08
0.8314180739294559
0.00023663339148037788
0.15897249479938877
1.2726746735440602e-07
0.842458313496219
7.9359842585464e-09
4.179405289363896e-09
2.5484454674065457e-09
0.395518829903022
1.2133498280868557e-08
7.143099712958422e-09
7.573258078724194e-08
0.6101910343837144
0.4104920478113191
3.283434998735594e-09
1.4596692111533807e-08
6.902466261578385e-09
1.9585448361774687e-08
0.9999998780622473
0.34512402817108456
3.925357798415094e-09
2.249687758267106e-09
0.9999999368233584
0.04109624392223399
0.9999999978742774
0.2793939775353285
9.348077785029418e-09
0.349843789732629
6.075725344339599e-08
0.8129027005160829
1.1784220025111794e-08
0.34838867117851535
6.058041189186124e-08
0.5166698049462116
2.151432503278302e-08
3.723135193240371e-09
0.21381348947509643
3.2267725200814794e-09
0.4154322109146787
7.822800227493612e-09
0.07602111861419904
0.4671469737868579
1.4489511507200987e-07
0.44958783195892227
0.21946907508713956
8.41115263089071e-09
8.31372738522676e-09
1.712294791641316e-08
0.059288536421884835
5.264995930110225e-09
0.5869927838981389
3.7394998527259085e-09
3.307765011838273e-07
3.25004874883334e-09
7.805468611846376e-09
1.1745760452461693e-07
1.5150096943540517e-08
1.5937982505372422e-08
0.3787483187047316
0.13914632802478225
0.3945463825056813
3.2744425514577364e-09
4.858851901734723e-09
6.851861917912898e-09
0.46813104223697355
0.20449907550733798
4.045476954412475e-09
0.22488646508631577
0.525552976207204
4.822257500617234e-09
4.4182298328005693e-07
4.124693859322125e-09
1.2370799292888316e-06
0.49714248251515014
0.6749188434023898
0.9999999918096736
1.8718968552888488e-07
1.0127327648506729e-08
1.803397784529513e-08
1.6913057389328482e-08
0.0002738596219817242
1.706435777638571e-08
1.341093873802755e-08
0.013810461611788897
3.200072902707451e-09
0.1042550551923712
0.21024033308588613
1.045894555469246e-08
2.792895163952575e-07
2.961106410027191e-09
0.2686733447740565
1.0679376236147723e-08
2.767939627748964e-09
2.0954944831368023e-09
0.9999999952283082
9.403457715348773e-08
0.45718132035258713
0.712604639607268
3.222347428158646e-08
6.726473597691697e-09
0.9999998500050588
3.474350362126582e-08
5.328285750687691e-09
2.4500156386045147e-08
4.996822533478538e-08
0.460288904043993
5.673593227421051e-09
0.9999999946494171
1.9319746915432646e-08
0.9999999176788995
6.418961987370667e-09
5.5973396161519525e-09
1.6512569569018677e-08
0.8698299292695655
0.42579139538968097
1.3174202177140855e-08
0.51343782925339
9.812716395184263e-09
5.251703971381395e-09
0.9999999926123245
0.6011215295339224
1.3223065083804083e-08
0.04126990450041451
0.999999985456157
1.3787733228220289e-08
0.3867231697087701
0.9999999832504881
0.08537821447216247
0.975708499336289
0.35855453735657167
4.370195069792149e-09
0.9999949849016425
0.999999995698928
0.1454685826816755
0.6119852229561251
1.610928196352155e-08
7.071024711780721e-08
0.6248909579320336
1.376398878729045e-08
0.07220181656806657
1.5087028616806352e-08
4.102509669059327e-09
1.9549032731751487e-08
0.3379170717960968
3.1480996015825642e-09
7.543679367731451e-09
0.00022348794748016328
0.9999999509607751
0.9999999984736558
5.420812316372114e-08
0.9320318287794273
2.5562885782904732e-09
1.361750200371163e-08
0.7047282233198727
0.29103539617638907
0.0024797981008140954
0.25592427903902903
0.2933105967703259
0.9999999955127847
8.435750714271829e-09
0.9999999919450722
2.9169651079473395e-07
0.2757195095561229
0.19169955510909495
8.568288190457574e-09
2.4026953126389104e-09
6.191018510876007e-09
6.045372534622369e-08
0.9991981029113687
4.4341897586227713e-07
1.171985015603668e-08
0.9981823827085614
1.198590244025083e-07
8.474986437995864e-09
0.9999999970908412
8.204820516239227e-08
0.9999999837259893
1.5723929818775138e-07
1.1914645908569905e-08
0.009082873724288109
2.547175299402417e-09
2.354640900050752e-08
6.650078493041534e-09
0.13181257151052905
0.15291987148138914
0.5364348108610386
7.142322409230823e-08
2.6371639446342993e-08
6.987556990486919e-09
0.6865903095064935
4.027483308160163e-09
3.541296230784458e-09
1.3828970374509284e-08
4.686344236597209e-09
0.9999999826011735
0.13491254819903178
2.844073195762875e-08
0.9999999975005602
6.883275077148754e-09
0.6298768498612664
6.786343081708943e-08
2.8703243771061274e-09
1.5108552007549257e-08
0.9999999878393102
0.6997344871557633
3.122620936631228e-08
0.9999999910455227
8.735123634408348e-09
0.1317134297892249
3.674032179547065e-08
0.0999445413146934
6.464609964194093e-09
0.9999999947632147
4.353899711880387e-09
0.390838478021005
0.22708642910841323
0.9999999817093432
3.985921525295527e-08
0.4246408747334397
0.4251137195259937
0.20715794613465016
0.9999999880570548
9.484630881614965e-07
2.3357106798130648e-08
1.9493062121438334e-08
0.9999999940422623
4.074010321145923e-09
0.36355235953560866
4.429922904580216e-08
0.4165598526873219
0.9156258746516803
0.9999999862642887
5.777818916233933e-07
0.05401217650973633
2.8596454078673167e-08
0.24733610033401748
0.858551022851962
0.22687538157720316
1.961122209670326e-08
1.7352999513046716e-09
6.330911756795358e-09
0.5386627585527914
0.9999999665146062
2.0226689281503945e-08
4.039395961323033e-09
1.2165350111582915e-08
0.5834496254276496
0.38278375035509027
6.131808721873291e-09
7.536503265315626e-09
3.5090584779017605e-07
3.171682938136807e-08
0.9474241362020724
0.43871520818968013
7.998198328840597e-07
0.17081462579835763
5.253135753491253e-09
0.4531244989254411
0.9999999751348688
0.9999999930091422
2.8571169281376165e-08
0.3808130059848291
2.0943544032753193e-06
0.2473666816525081
0.9752291836527279
2.0394167570345983e-08
1.8875141918193625e-08
7.374090487889038e-09
4.4200410062390626e-09
4.8228110359908656e-09
1.1788177087917777e-06
4.116763246334091e-08
9.227359853816138e-09
5.103747523574688e-09
9.785834234797667e-08
4.702209818792961e-06
0.9999999913705817
0.527398156736121
5.152063449861976e-09
0.999999994691058
3.016931235017004e-09
0.08829705637533869
0.5452603255823745
0.12139923257961557
0.4039497287496099
0.9999999490594538
0.9694645435925945
0.3799756520619922
0.02838391475662697
0.6175211552747611
2.15534339721181e-07
1.6675090041742354e-08
0.24184951833381269
1.8481691922219453e-07
4.336814374225531e-09
0.5708857674351768
9.184182175748961e-07
7.529337823297763e-09
0.5721667525617398
3.487560316852443e-08
1.94651582684294e-09
5.669839620903579e-09
0.9999999924229703
1.2477889649766215e-08
5.0075781597866315e-09
3.641992870035659e-07
5.352131110052596e-09
2.458940854006503e-09
2.642033722455299e-07
0.5324622413971091
1.5846622028699857e-08
0.37389554098424116
0.7306194161894028
8.4082462330937e-09
7.241650326963707e-08
0.9999999946969502
0.23289831619939041
5.861379906824035e-08
1.4706798597936438e-08
0.9999997811859863
0.6151595508691645
4.081179419722542e-09
2.2843846608283072e-09
0.35376383508996345
0.9999999960655851
0.0926180222551414
4.230110458643347e-09
3.3238168653349136e-09
0.05087292742676937
0.03703551627398627
1.5223459547772826e-08
0.029998213174891642
8.497218378849553e-09
1.104998570688954e-08
2.4015214630129484e-09
0.49125721024554286
0.9999989287518528
0.7092521556952285
0.37102751629083286
4.489075088154647e-09
4.665131683572757e-09
0.14029934835737787
0.9999999822625854
0.09840139796192864
5.100288860430397e-09
0.5247905553641322
0.3022280874056219
8.17054421865746e-09
0.9999999930152494
5.066244749822536e-08
0.9999999943172168
0.5740232757634826
3.4621199078788304e-09
0.9999993215618925
0.999999990357847
1.2032229934949582e-08
0.41957524104778
1.970770205420357e-09
0.05341575416840202
3.3396553318589822e-09
0.9999999804254893
4.943160365676202e-07
2.860492851364192e-08
6.239057078674377e-09
0.8149971714141597
2.4776745354445316e-09
0.9999999224407211
0.9999999963396587
0.36995749898989855
1.2221345846854407e-08
9.248580488201816e-09
0.6151658025007014
0.3182689166205637
0.7159151430351244
1.111392122791842e-05
4.112801158221942e-09
0.9999999372294806
3.7090141261384546e-08
0.1333143755764544
4.038034823217841e-09
4.351637372555188e-09
0.9999999555949363
0.03448598267472378
0.05439850761120239
0.447161229249097
0.008503019529788164
0.6617512252009202
1.426612234056432e-08
0.3929760027518462
4.395146136786668e-06
0.9999999977044638
4.285018863264794e-09
6.41198337578044e-08
3.4229486889943866e-08
0.43191291322747616
4.787534919256187e-08
0.2855209140450435
0.7026067829030027
3.030968851930868e-08
0.06219609193573104
6.994405848672269e-09
3.0958326621846732e-09
0.061766422260706125
1.5773320229157625e-08
1.8020761648365555e-08
0.1352592524888498
1.6655556294212323e-08
4.101326422222279e-09
1.4881317576538466e-08
1.2771986958533955e-08
1.0443074685012937e-08
0.7166571232297032
6.112541220974825e-09
2.946702553304572e-09
0.17467332625250068
6.774124913655497e-06
7.318699978162892e-09
0.9999999928423683
0.9999999955333758
5.5328404655055326e-08
0.3500632982197446
4.493421932457962e-09
1.3070829824307966e-09
1.786892051035714e-08
1.780864112195786e-08
0.7679218835123024
4.88242337820087e-09
7.404031066488221e-09
0.8604629543373845
0.652589158249317
6.531715113682342e-09
6.00008718176873e-09
7.288633395315563e-09
0.25537886234956314
0.7431565984319615
0.04445654370162887
0.5997449576441636
0.7647285234096064
7.479077548316317e-08
1.1643149398587765e-08
0.32010821893345265
1.7640902141305544e-08
0.27882497771038867
1.3270769420761052e-08
6.573689305757689e-09
0.9999999907834536
1.6580225607183467e-08
0.06415948813889838
4.185174031505439e-09
0.22488794506906074
3.6166893340037986e-09
0.9999999657228426
3.413236208694882e-09
1.3858226064928626e-07
0.9999999814194741
0.9999999853234015
9.169919452384927e-08
1.840945179726389e-07
6.847405670297861e-08
6.1626606164444255e-09
0.4275061041548882
0.4805227603043055
0.623360823223951
0.9999999857296799
1.5905138828752517e-08
0.2970082745393811
7.452737216376948e-09
0.6044267191865426
0.7111484706772414
0.999999970987894
2.9948356220984707e-09
0.9999999962794721
2.0323438773234623e-08
2.666552315284796e-09
0.6332630011298277
7.199795831604256e-08
0.9999999957284532
0.7626605160960014
0.30964970926502333
0.26420449084436903
0.9084284926786245
0.9999999871815394
5.0375820066774416e-08
0.030522646519371185
3.244097052331912e-08
0.04236024392757101
1.5811818806425458e-08
1.316120004778938e-08
7.640792557671471e-08
3.835840111883362e-08
8.681202858846433e-09
9.99423613260302e-09
0.017483039322112537
6.311075975366388e-08
4.8100146238998215e-09
4.69296714374348e-09
3.3207462278354595e-09
4.586370905754732e-09
2.0763617109455474e-08
4.269871314261117e-09
0.0017701863239679243
0.9999999243977264
2.4953658119913976e-09
9.9347720034084e-09
3.1991779022541454e-05
1.086263879891398e-08
1.3415188023437216e-08
0.3743518636987534
0.13944973924028162
0.7871575976717738
6.073706505011845e-09
7.135593713881274e-09
0.9999727367355367
2.5551443918267654e-09
1.983874710249837e-08
0.817683482706249
0.6658174124713165
0.11168778302673035
0.9999999734480638
0.03987383460067336
0.15570470959314775
2.1673466569018028e-07
0.999999963046593
0.9999999138525058
0.2810144889153579
1.8998330352907733e-08
7.021840669416303e-06
1.6898732955157684e-08
0.6547874375166295
0.2917555090149062
2.4793423451453954e-08
0.18944593623929593
2.800040078134778e-06
0.9997542668380743
6.174923509758662e-07
0.047254281702620284
0.2609069691341162
0.062009730304050444
0.8392594746693594
1.4744176190167095e-08
0.5188208328256432
2.200332837572625e-09
1.9488087779872552e-08
4.646440923392349e-09
0.7993799752637024
5.108384288724839e-09
0.12686167737483348
2.4453906098476022e-08
4.282603854452502e-09
2.0794469752548667e-08
1.6220347013582697e-08
5.466424669283909e-09
5.064753299927315e-05
0.8784149568904887
1.6015335269117153e-08
0.9999999715373243
0.5900390495742297
9.17658612708702e-08
2.6042702547307402e-08
4.2413200564300935e-09
0.3033809577830978
0.001556885895263015
0.37871076965150596
4.7274658986055083e-08
0.8460007159848734
1.306034069338616e-08
0.8678005747102211
1.1738566502133738e-08
8.568704131474062e-09
4.506196274753987e-08
0.22603360568437228
0.9999999655528191
0.3550081836758806
0.002663379050800075
0.0023435396605543633
0.9999999902720619
2.587294422617316e-09
8.425366056279066e-09
8.456207733447899e-08
1.696585950599965e-09
0.2582653795230707
9.355085504134842e-09
1.5534484916939877e-08
2.1487715982555904e-07
2.22898092057082e-08
0.01795289041541069
0.7182237161920112
6.775087612749751e-08
0.397844411457519
0.9999999965640942
1.1885445177251133e-08
6.96268921533291e-06
0.27394579003580666
0.03978020006318728
2.310518876411769e-09
0.9228666765564227
0.09224634148484534
3.559851488795386e-08
0.451944195098251
0.8562786984898025
2.8522133878946715e-09
0.6191764836922513
4.240907281115109e-09
3.175550205328486e-08
0.5216512598034615
5.456078191709548e-09
0.44850089565316037
7.648541445501426e-09
0.2763094692756577
0.5477805896326959
6.47793620922551e-08
0.0004289454742029155
0.9999999826332893
0.3743883246521657
4.0359810090366374e-09
3.008449141769648e-09
0.4336485748482267
4.457585182774935e-09
4.618589392432999e-09
6.270653957909302e-08
7.514856332642501e-09
2.591818681540481e-08
0.23224698170484423
0.4787616416350516
0.000780450154146036
1.4491207700273107e-08
1.5693903316989405e-08
0.14549947993129683
0.9999999840695578
0.9429895796028674
4.510649694006127e-09
0.05860080303951009
6.080656568566054e-08
0.7007828911738219
0.3268015771241964
0.1868776162478971
1.3933041449215001e-08
4.678881624552869e-09
1.5309542919694772e-09
0.999999998060307
1.8082535955334332e-07
5.852340896677433e-09
0.9974793517793041
2.0668753907470005e-09
0.7946929820879594
7.422679154022854e-09
1.7535843052176152e-09
0.9999999654661892
1.0777048701218512e-08
0.43292943567136155
4.4068880488438906e-08
0.3554586143271362
0.36092165053072006
3.414436768327778e-08
2.7238410184392793e-09
1.3118411528536867e-08
9.891065975880992e-09
6.441866895615683e-08
0.9999999453827382
0.5337680137910075
0.508386281545138
8.694279440745549e-06
1.456955353599994e-08
0.999999993830158
0.44133746373751803
0.5825738534498722
2.143069781689366e-09
0.13524080721725953
5.410011103801648e-09
1.5291880490894954e-08
2.8164039918429665e-08
0.6236971755035804
6.375577691667745e-08
1.7641471659846686e-08
0.42045117136576765
1.944153717562941e-09
0.020692320521962484
1.036527686109465e-08
2.435803431066185e-07
6.564586735203741e-08
8.464751122346711e-09
3.4988857694687367e-09
0.17825622771830596
0.17104424414963337
6.6380331142009386e-09
0.9999999784852297
1.615072499829809e-09
0.16896724659490767
0.9999999797269635
0.04981625679999617
0.16819782767896715
0.9999999976375848
6.749730883131908e-09
8.072352938525774e-09
0.9999999803923826
4.7292895949680976e-09
0.4272692162406656
3.410834262562515e-07
6.3944654876335195e-09
0.42042784647131887
5.819312469130866e-08
3.46433308294541e-09
0.047674070054690945
3.121301497042708e-09
2.5793599118310697e-08
0.9999999965787226
2.4862906745728666e-08
6.680230522521849e-08
0.20200444487858527
7.204461769021534e-09
7.901728632253736e-09
0.11305546002549353
0.9999999924821639
1.2634768922653035e-08
3.132763548740989e-09
2.1606131077130173e-09
1.0893898441106976e-07
6.2138818840471285e-09
0.9999999944874751
0.665240527255958
1.1270400875859036e-08
6.87507819169416e-09
0.011346477059932046
5.0542941264326785e-09
0.6800369936887978
0.9999999974004102
4.772505200027046e-09
3.8521579438441956e-08
0.7885326628842578
4.9980616519421395e-08
3.0639722133002706e-09
2.417913749403998e-08
0.5902204848599844
0.9999999885292226
3.8838687545971985e-08
1.21110491854621e-08
0.04146537383641503
0.32201564258508847
3.815849437964376e-08
0.26890115362429196
0.11062154545019472
0.754722892999252
0.3106687548365182
2.3511157409955926e-09
0.016261305359552482
2.426302318136094e-08
0.1997538948853416
3.391055555779627e-08
0.5483871977223544
0.9999999957978472
0.46001349472057707
0.48252124419330067
0.33510695826587694
0.6524706885463611
0.9999999896764955
0.015790280451451085
6.558212001315526e-09
1.050867579952559e-08
0.02716492802235227
0.9999999973884852
1.2406644073413082e-07
4.524021955613001e-08
3.6944865719474197e-09
0.00027277342701949883
6.138776583588153e-08
2.042204296043014e-08
2.398709845111216e-09
0.9999999937546317
0.02317036646664702
0.9999999723371032
8.119428988673179e-08
9.531746493789143e-09
0.9999999497513058
3.3664806155831694e-07
0.9999999929260409
4.890421097511024e-09
2.671858449407535e-08
9.142589702402552e-09
0.9999999792193371
0.3305475930412744
4.613201234279035e-08
1.193499398067119e-08
0.7066961403208191
0.2997085507678432
0.9090338880709102
5.246405150026458e-08
7.146929595167941e-07
0.9999999982310701
0.30192983503128074
0.9999999925325699
0.2195627788198045
3.7035867916549175e-09
8.871850804203517e-09
0.9999999883210581
0.9999999594138271
3.644412586991368e-09
0.08631086724865482
3.3790756143610368e-09
0.9999999917365381
2.2409363970953235e-07
0.04462615950525466
5.484669103798031e-07
1.364577845557774e-07
0.2293489364265303
4.111466008474571e-09
0.6912120126101502
0.9999999926831113
0.6349352057487649
3.382107685897048e-09
0.7662659998808531
0.12086567460471963
1.7168903427082246e-08
0.9999999856743919
2.4315193558926623e-09
1.0587262142317296e-08
0.9999999837689145
0.30491216582491465
0.41156165386147675
2.956732953605155e-09
0.7313263904797133
2.5327987847784703e-09
0.5938122760581228
0.40427100993262216
0.11814492285010585
2.6120582729820493e-07
0.23405179765755965
0.30661333863623624
0.6175934108773258
0.07841645537736666
0.392721165417797
1.908516299014614e-09
0.2944606105168927
2.5031191387778273e-08
1.6224706215859078e-09
0.41785181167520913
9.808538176569282e-08
7.087710996849847e-09
9.362565806989127e-09
0.011692921349353963
6.077794647509402e-08
3.0843705539129257e-09
1.3420228386105411e-08
1.7357011868173842e-09
6.302728344924883e-07
3.7229468539837476e-08
7.114720534409777e-09
1.6106979445019424e-08
4.815319563244945e-09
0.5931369708581993
0.47766000751265386
7.213223344548461e-09
0.7050530412634916
4.3398882597587044e-08
0.9999999872918208
9.338967004416266e-08
0.6653449179044113
0.633650844063869
0.1502677862921025
0.47460101466564947
3.748138502197168e-09
4.053632044998136e-07
0.6958501009039543
8.586174617892474e-09
1.1212364203387538e-08
1.5895025296762304e-06
1.2804468820525472e-08
2.8489887699536664e-08
8.668488039627418e-09
3.1062341332696455e-09
5.997741583403438e-09
2.1623763644227578e-07
8.298145452344218e-09
1.620784680262397e-08
0.8311039959574242
7.220928645935724e-08
0.016854555657689337
7.699595670512311e-09
5.087241068582795e-09
4.660437399963035e-08
4.567818559603013e-09
4.894414989145049e-09
0.15946977859982853
0.9999999957356437
0.5497047587527731
8.201755671227279e-08
0.7988031159778652
0.2211722762410911
1.0452834574498317e-06
0.9999999869939546
0.4271475719748003
0.1892786339736806
0.2885516479538808
5.548534934104607e-09
3.0716520787683343e-09
5.534273135211909e-09
9.791440863459855e-09
7.697427670469255e-09
3.232624810566973e-08
0.2868257155242373
2.2035748745061796e-08
0.999999993255123
5.0670847656594055e-09
2.005725101545733e-08
2.967535458320103e-09
0.5121300943720768
0.25056987111304446
2.9750319245613457e-09
1.1966400836487223e-06
1.313536405862734e-08
4.2244730183513895e-09
2.4044394542798208e-09
1.1961269941727446e-08
1.6491853570253446e-08
2.3658708050694617e-08
0.2527473014755847
0.9999999953563691
0.5903669407564122
7.732632393325459e-09
5.425133232788695e-09
0.9999996129636566
0.6610189024401454
0.9999999342582993
0.7244442279179325
0.9999999971146157
4.5938497062127465e-09
0.9999999809574142
2.0103095957772035e-08
0.739474624211702
1.9079013534427367e-08
0.6998338630682043
4.867279516395752e-09
0.9999999919966162
0.20637610003309892
3.7072694174743604e-08
9.20153999492702e-09
0.5686575109063932
9.285006639346527e-09
0.9093488330383613
0.5798566760102285
3.2910219178867545e-09
2.907675875647869e-09
0.3908859004983661
0.0010253492656990078
0.9999999919274255
2.8128115664450706e-09
1.2150605016392477e-08
0.9207703460261701
3.774627212315973e-09
0.530038233241402
0.04157271750407324
0.5220648452761968
0.47168647376058775
4.146488805138637e-08
4.04367325111644e-09
7.940046344522459e-09
6.104978755586781e-09
0.9999999972741253
7.554647262527863e-09
1.3761997593002691e-08
0.7516868397013716
0.999999954573537
0.3753051677532764
4.8525500318418364e-09
1.4386550114494844e-08
1.3169330019729265e-08
0.9999999895094951
0.20453260938101106
0.9999999887291807
3.883010462752322e-09
0.43903082898266527
1.3149188962119269e-08
0.8832595455952851
8.441165400773786e-05
3.4380856076321042e-09
0.2697856806260624
5.112899034551814e-09
0.044518669160966806
0.07813305743478327
0.305919849992653
5.483512224512794e-09
0.020904371887996695
4.466189881641021e-09
0.2616127311316264
0.8759772441750258
3.3777729631710415e-09
3.98979229046591e-08
0.25838502588698437
2.6406477182466097e-09
0.9051635123661357
6.330190311801725e-09
1.032171000716999e-08
7.209230334582829e-08
5.641899934615819e-08
0.3490502752031607
2.9760022834937957e-09
1.6118654709687887e-08
1.2499397242515492e-05
3.086929522551488e-09
7.477762251988552e-09
1.7547482151767641e-09
1.5520411610381965e-08
0.9999999742225449
1.1313328282403713e-08
0.9999999894262174
1.09518035025753e-08
0.9999999549570896
6.1587008732815514e-09
3.893003626595041e-08
0.8186049887636496
5.952902161591821e-07
1.6456653218513005e-08
0.8243071136889343
8.642290587175434e-09
0.9999999900149928
7.1687313510660554e-09
0.3726014264604989
1.1759439347099207e-07
3.817660537082193e-09
4.8087839591811465e-09
0.4006756272967052
0.010821623217650372
0.14745224890401518
8.3399417747874e-09
0.28660830636546736
9.5495945682689e-09
1.0279236814173978e-08
3.1264732962485296e-09
0.9153442777765166
7.453615792691131e-09
2.432777935506848e-08
2.0035604033717388e-08
3.36584279988161e-08
0.15766096633304458
0.99999993128439
3.643170544441034e-07
0.7247611114545468
0.6899073002777555
0.234095389100018
0.010970379607559682
3.976519875742564e-09
1.7045541139776654e-08
0.9999999828836913
4.8941159324544474e-09
0.9600775741823983
0.48259730339471557
0.8118694571393558
5.393619534169425e-08
8.856269515461786e-09
5.9582511703729474e-09
0.29340467719571167
0.9999999978718775
0.8756963063028528
3.876998021273376e-08
0.9541611411247168
0.10837957066902781
0.08826998228036508
0.24929235611491068
0.048412224970519294
1.8258938444257044e-07
3.609775727647403e-08
0.9999999889730538
9.63384075256784e-09
7.537715441266421e-08
1.923199037142244e-08
0.24458875865540763
1.6909882112148614e-09
0.5016494987835259
9.031558253935313e-09
4.723332990021449e-09
1.9141074541355353e-08
0.43410535887816754
5.314318697059253e-06
1.2152738806891618e-06
2.7766393270495214e-09
0.9999998572021943
5.956221853146436e-09
0.5173756688371868
6.124760613182426e-09
9.340933243733768e-09
5.429009587662973e-09
1.930658817651187e-06
0.2742781035091106
0.29160979618246063
0.9999999892675842
2.069194594126287e-09
5.690341599566268e-09
8.910885658546311e-08
1.6941961393556774e-08
0.7640102007069768
3.546861097324453e-08
1.4987791663044303e-08
0.2828175009702687
3.3874085451286514e-09
3.79480872180283e-09
1.1048823718476176e-08
0.0887321685887389
2.4122168394485246e-09
1.2596130792151908e-08
0.9999999774723527
0.1398769674112
4.2283497459967665e-09
0.3977535098651438
2.5590872165248885e-08
0.999999997243649
3.4023584350326964e-09
0.6690041693287393
2.679492411349436e-08
0.14045823872206725
3.0184637103496175e-09
0.3235743591785169
0.5294553046869305
0.21062331528241737
0.10303624522848735
3.1120101301398166e-07
0.695780863322363
8.766617181131496e-09
0.9687952419813578
0.1599134438555161
3.3042737932131905e-08
2.1296012879570303e-08
1.6772003723058577e-09
1.9392436623740368e-08
1.834102804415141e-08
0.3304404431531723
4.121947445874815e-09
2.7455436840805872e-08
2.2154961309487348e-09
1.3659470021047633e-08
0.9999999971469907
0.18124253368791973
1.618925499108347e-08
4.65162486422967e-08
2.4472641207357923e-05
0.517816385061025
1.842497506408057e-08
2.2164087320669628e-09
3.6352647893365113e-07
2.2317473638854522e-08
2.154644270180772e-07
0.238847803912481
7.507043070919972e-09
0.672022650743164
0.2553873259130389
0.014553813972977288
2.676827113894447e-08
0.1754148238227111
0.9999999979203369
0.12834078989658798
1.683212076511554e-08
2.906753906706073e-08
2.817356070577863e-08
8.20889005423249e-09
4.201553542061728e-08
0.8086896197670266
2.8236252786374124e-09
0.10806740402359441
5.198042905692773e-09
0.09927880529341268
9.154393582926733e-09
0.659271479710501
1.2029895122631244e-08
0.4394480343108112
1.49690155203729e-08
5.605404368144636e-07
0.19186391779526657
0.338133548062601
0.9999999886670002
2.1720999235341834e-09
9.645922188737151e-09
0.38190731170728315
6.323890338932776e-08
0.0022617261046377303
0.5215717483251656
0.9999999762154111
0.6439970898127234
0.11280240362530493
2.777506239593213e-09
0.9999999955361707
2.219380627990118e-09
2.3724166332707115e-08
0.7573170148907284
0.68406308133448
4.100655331834969e-08
5.613768190590941e-08
0.560730623174377
0.9999999788722006
0.9999999953100654
0.9999999970576852
0.9999999872841847
0.23986214513596615
0.618776859245103
9.743416808655579e-09
0.8211542103124816
0.6461347112270027
0.9999999860431905
1.5484645009306173e-09
3.510633055496181e-07
0.24611033874634564
2.326610941356747e-07
0.9999999889078277
0.4118680157164816
0.6218014282323223
0.18126275467264272
3.301388924503704e-09
3.597680068425656e-09
0.14789359233097457
4.303971729257523e-09
9.209590914414009e-09
4.180074227550601e-09
2.389067650256021e-08
4.9776215270152615e-09
0.58494090455229
3.3311344642642938e-09
2.751330798101613e-08
1.2101564664372221e-08
0.25725068954388874
9.1464490720302e-09
1.2222528032671388e-07
0.2678115177273074
0.5793858601247719
5.960994423131133e-09
2.1777082693149008e-09
1.1742275990278691e-08
5.3389309157807795e-08
0.034438540616071496
0.4307094038000685
4.79734627011282e-09
2.0993141182973596e-09
0.04492095146609389
1.6962582654242607e-08
3.06000160093694e-08
0.9999999961472293
0.2541897175562673
0.9999999748032785
3.771040407187712e-08
2.4800764372501442e-08
1.609297565771489e-08
0.7641014448130387
5.160815870900533e-09
0.7172651122986838
2.458916384811905e-07
0.38549234645013386
3.416556119032977e-09
0.3139219625229818
5.6241390361605116e-09
2.5420996684099787e-09
3.5256761967283805e-09
0.8383672441831341
0.9999999875555607
5.6879761105327664e-08
9.967069779221511e-08
5.178747883349427e-08
1.1423429194787242e-08
2.180867275640012e-07
1.3054293714428271e-08
0.6558983054749922
3.202604240961453e-05
0.7203789468040741
0.5947612418406413
0.9999999891388651
1.115135152770548e-08
2.4483307788787303e-08
3.0805600051496286e-09
0.777171127684571
1.2242524687322177e-08
0.1837602616108674
0.36499917658879427
0.10542048824667426
2.994786685659102e-07
9.781937005755985e-09
9.570901240341984e-09
0.9999999733511696
0.4300188744054363
3.276285625945574e-08
3.1484805308357307e-09
0.8000798656179055
0.8439921460413129
4.974052008870265e-09
1.7067530495973307e-08
1.4727682879154282e-08
2.9307659781462966e-09
7.893680298673307e-09
8.634431378965735e-09
1.8558387809649973e-08
6.102719835287038e-09
4.1263744098477716e-09
0.807281024602296
9.01605266166122e-09
0.6480643542086836
1.7543462900428414e-08
7.309242138453495e-08
3.243248009241348e-08
0.1674848005263402
3.226631225001333e-08
0.685641837641446
2.841833563316745e-08
0.07654285079690186
7.752236282936658e-09
0.8151482538975269
0.1398195915384455
0.9999999984081969
7.209117033350412e-08
6.566019626367155e-09
0.34075360945557376
3.6145832645225548e-09
0.999999983485456
0.0583198325601119
0.7454819818387406
1.6597860798463356e-08
7.271546126548518e-09
0.004904340724398939
0.9999995615888329
7.932752941998754e-09
0.023815719649085687
0.10954983477008884
3.948836285440635e-09
1.516594707697703e-08
5.219907512858241e-09
0.2270571267483088
2.0282240126930616e-09
0.030649226092482953
0.37323218977304085
0.9999999943799365
1.59353942619915e-08
0.30443317710222245
0.9999985723599503
0.19099748422427457
0.9999999789493969
0.9999999452018027
8.705336669211141e-08
0.27292875102856556
7.222705057410907e-08
0.7105787295744838
5.098966119123438e-09
0.4201755389218645
4.483520301650069e-09
6.212695596637615e-09
9.659765037352537e-08
1.9286615861548614e-09
1.6657336326814814e-08
7.826883027069782e-09
0.4178249258235566
4.773413683753771e-09
4.4010808000276015e-09
0.6812362944874769
1.7212757764918721e-09
0.5897438293568211
0.07603184927703259
1.5475237795042062e-08
0.6973300551540533
4.232220655249609e-09
0.11182045325722517
8.85242304154655e-09
0.403968101402786
5.579458755380553e-09
6.565413802347594e-08
3.302593606608378e-09
7.622297074399646e-09
0.21180281607419688
3.0394039349306747e-09
1.8103824386341304e-08
0.24817541982552252
0.8789442264858348
8.446511028553414e-09
1.1170961361082888e-08
1.595978068015688e-08
6.160088362991648e-09
0.44302799284943073
5.449512843175274e-09
1.0267042358063034e-08
1.8244198128969436e-08
1.5499845590107898e-07
0.44746187587211494
0.05798512781723377
0.031167549017949405
0.8538123828069942
0.9990538909609227
8.191844882654625e-09
3.0048823064707086e-07
0.9999999083844341
0.7480851978623507
6.845218222274463e-08
2.0020646858106948e-08
1.7147302542385785e-09
3.949368900291486e-09
4.862224752235876e-09
6.04355215444807e-08
4.792995408772984e-08
0.11378879018561043
9.858689595427295e-08
1.7846520209763858e-08
7.582925975225915e-07
1.6210633028540665e-07
0.36705640855248556
0.26717704049903934
0.11736350996178486
1.2530228179989676e-07
0.2112927010421873
0.17448589314224008
5.176007162115775e-09
4.6189480374308775e-08
0.999999993822639
0.8671050672436578
0.14944659625371873
1.5761387491553435e-08
0.7825738514677935
7.749932504620207e-09
5.601956303748646e-09
0.006737506243197367
0.13684151123095864
0.5107184119329782
2.6983992422856887e-09
4.041399126053363e-07
1.4961574767517266e-06
1.767432723899172e-08
0.29784158263157284
0.9999999727662056
5.226756736130686e-09
0.17000351099762565
1.0053888481348195e-08
4.999407955744814e-09
5.646108676040922e-09
1.806829891502955e-08
0.2019298728915953
2.4732829190830688e-09
1.2245569178964229e-08
0.6765240556123189
0.2600104358836314
4.868056896608928e-09
0.9999979426969232
0.3014228186729123
0.27261461132409276
6.180109495702507e-08
0.45907056126776985
0.999999995190243
0.8306885961190023
7.938738602343772e-09
1.373579069567542e-08
1.6361591667438214e-09
3.8598761762841956e-09
0.26630806850033417
5.13758374546047e-08
2.6735242947580902e-08
5.986986496163641e-09
0.6765466439680192
0.9999999933357533
0.9999999840248777
0.7925100170448233
7.855985452549459e-09
3.750321402572245e-09
0.36278071795726147
0.9999999951144432
1.5581941144810256e-08
5.027389292064802e-09
0.430058811009937
0.6706815399137279
0.9999999738487266
1.4674484742251876e-07
0.8580390165072238
7.514554096910025e-09
3.2782378100212528e-09
1.0807111910222796e-08
1.0214809921654961e-07
0.9999999960785287
2.4786220783802317e-08
7.802282862137983e-09
2.2978271536047067e-09
3.0984232917907543e-09
1.828625368681821e-07
0.73157474560802
3.183274362204143e-09
9.547853436827376e-09
1.233376944370177e-07
0.4958750430309404
0.07858874221363668
0.9999999956478131
4.587397828772892e-09
1.8723604896265187e-09
0.5542668784567599
0.22127077974065953
3.636022916348189e-08
0.0007778407028269646
2.2131386501892346e-09
1.3942837697722427e-08
1.437623379174222e-09
1.3014402864347854e-09
0.9999999859182053
3.764934163505645e-09
6.137953550809636e-08
0.3551069439348204
0.35715978604166687
4.830766098559623e-08
5.0869597249779626e-09
0.0001346054171178872
3.471068129888694e-09
3.626629373771331e-08
0.621868762918523
4.915561983654048e-09
0.06127292384602917
0.9999999973635957
2.0704059643264198e-07
8.023162520394762e-09
8.114490977560767e-09
0.4836645636848375
4.221875821172358e-09
3.91193628443266e-08
0.14066525720712927
4.2439315496796275e-09
0.9999999661530171
0.220524592191975
0.6789411884004681
0.06671844241096986
0.9999999974036173
7.429219021137615e-08
0.1310947982971783
0.9999998825368763
5.435358209950087e-08
0.9999997294551102
3.7082345320261457e-09
0.8836040096603824
2.085956612946616e-08
9.969406536463298e-09
0.30935004810362654
3.967898184424714e-08
0.2568262914061062
0.47188992630201687
5.878552068384942e-09
0.8393575180937854
0.35158410412080127
0.9117431633035681
5.424351890317851e-09
0.09541036540341699
0.060374939126357094
1.38236829414979e-08
0.605234171843263
0.265825792008372
7.732762805368502e-09
1.3438762357600834e-08
3.59108180834264e-09
3.122808735507958e-08
8.814977027563254e-09
7.807525366705231e-09
4.234075734366502e-09
8.514749474661913e-09
0.1914884434573199
0.15070438291528512
0.07334308018292268
1.527953930053248e-08
2.631151703425581e-08
0.048237955116246796
0.23490086753807046
0.9999999887242165
0.691735330893742
0.242438191976005
2.3486881539749675e-08
7.259848878970773e-09
0.9999999915290954
0.6727748440728286
0.7296831967881484
5.136145013958673e-09
0.25269555954620326
9.473351485596414e-09
8.81525572105847e-09
1.0374721202608765e-08
0.04863616178174899
5.8781246243196284e-09
1.600277739110774e-08
0.34702446271895576
5.593561512776024e-07
1.5097070984114462e-08
4.869850765627304e-09
6.38168459007942e-07
0.20662216471014444
5.0645827340649085e-09
3.1249198661575634e-08
1.2591286395876035e-08
0.5054040878587478
0.03682554135024625
4.274107734630436e-09
0.9999999891224328
0.7284777540838067
0.32838456797306104
0.5074057962932209
1.2345644531446367e-08
0.6060120905925457
0.48057930764046997
7.603355330658369e-09
2.6645582610118564e-09
0.9999999965448164
0.31541786767552704
1.0621205089861439e-07
0.7123801040276995
4.008995021688611e-09
0.9999999971739879
0.022113379912976742
5.416805698610559e-09
6.28462013303581e-08
7.039730513366425e-09
0.07416416669862742
1.372726784530309e-07
0.9999999735005828
0.20536377030473926
0.12559206521843988
0.8895777224121905
0.2751456291861166
6.314139980103132e-08
7.378473392284641e-09
3.5389609848066437e-09
6.641759947951959e-09
0.1843617574427348
0.5749846669646986
1.2463889166722973e-09
0.9999999592007425
0.212412052149143
7.59011979208121e-09
9.535323168068416e-09
1.2716873421522425e-07
0.4302733115882168
0.9999999974043483
0.9999999983607417
3.466216615733991e-09
3.915292904823372e-09
0.999999995559007
1.0240859887199308e-08
5.174082469975092e-09
0.999999988796715
2.0181307676947289e-07
0.9999999947467858
9.448876071130587e-09
1.1233716845723903e-08
1.133042234297347e-08
1.1074155374391455e-08
0.756504429650116
0.013678015526885858
9.578902800118053e-09
0.6490317380412054
3.125306826029668e-09
0.02194226259491925
0.73785029067863
7.0386808681883966e-09
3.4984627452299716e-09
0.48266493908231645
1.3492858174340763e-08
5.124297782251778e-08
0.06193378817295008
0.43722808420472264
0.9999999910783751
0.9999999745095803
6.395876200481182e-09
3.9007768554263914e-07
0.46405237927626897
1.873174671313447e-08
4.998876258140301e-08
7.550872602303545e-08
2.694779333447241e-08
0.005881485714378356
0.8932145806408395
0.30078543514101364
8.720333994006577e-09
0.06672180878731017
0.20513430356700837
7.253153232691806e-09
0.43941156109837515
1.7831387728882433e-08
0.21985631419657242
7.421003645750113e-09
0.9941893181578486
6.943748208854624e-09
3.2581515816848274e-08
0.6682443593162811
4.783459463864017e-09
2.305679440731363e-08
0.6712646135506521
0.3294799381327874
9.658722128642952e-08
0.35555355799309923
4.914248792837381e-07
2.371696204192832e-09
4.573560624436932e-09
0.23288315351560487
0.8550538487461409
3.737480074433184e-09
0.2618580356875196
7.350985848356508e-09
0.8517209818022596
1.8571213474168261e-09
2.777387297786672e-08
2.947037266143068e-09
8.542454368326115e-08
7.005861279057386e-09
7.478851537411651e-09
0.8947719216400742
0.1100652802996821
8.127325128538323e-09
5.892084394025458e-08
0.5370285053502568
0.9403006560653103
0.2872808474064471
2.431132259145219e-09
2.1975203672447617e-09
2.7438915511964115e-09
0.28600835405076486
0.12385352734390916
9.657899150001394e-09
0.1158515440760456
0.6867222179017269
1.1930707267952775e-08
0.053553833887132196
9.09726818225621e-08
0.43644957460666006
1.6976282870875336e-07
4.801498363250494e-08
7.378968290211603e-09
9.044269294283118e-09
0.24111041088321866
0.06557982728319536
1.1910453586562081e-08
0.30054602022423665
1.4765586492000696e-08
5.297250032274847e-09
1.7006904784491688e-08
0.1741900826782498
6.199802086587529e-09
0.07502687623939888
0.6700166445925355
0.10746280984518602
0.3193094418514099
0.481946812005103
1.2751434553004624e-08
0.9391402971865084
1.4395119694907409e-08
0.2891376923278719
0.5463465354431191
1.7048001528187912e-09
0.5568523070949358
4.638269993033555e-09
1.105861434063281e-08
0.47064300063012404
4.506479219674183e-09
1.4409168960867775e-08
1.1873307269169493e-08
0.7997957424179654
7.943748941422539e-09
2.4834937078204488e-08
0.9999999897320039
3.913065268113783e-09
0.5174211199480189
0.2768490083452561
0.339457159886192
1.3149610246355766e-08
0.999999991771113
6.54335598157619e-09
0.10974643438377192
0.611803642964318
5.123473832317688e-08
0.9999999933674524
9.71292273900794e-08
3.843685901416855e-08
0.535572801331131
0.4686959904345595
4.234886521802749e-09
0.08835923455349444
0.2182352593169207
3.842782588663122e-08
0.5157405367724027
4.079865616214129e-09
0.2744915533558445
3.15650763764168e-09
3.0354976473894405e-09
1.3027620104729078e-08
1.0497782834137864e-08
0.5971630241370064
3.9611248477958247e-07
4.2252986550094065e-09
1.3337820275522606e-08
2.1137357972653764e-08
0.21330347338680777
4.553579435699951e-08
0.589378770238543
0.3624861850999301
0.5529891498790218
0.8397508151324382
0.6626064832531983
0.5306474196425569
5.245657201074503e-09
1.6940709031620943e-08
2.1949485186434886e-08
4.83666231028298e-09
8.126442811680111e-09
0.3639484381968516
1.4202847261295519e-08
5.0997301874686704e-08
5.823888671664986e-09
5.213634626404555e-09
0.999999994763465
0.9999999939110172
0.9999999974351188
3.033463352491332e-09
3.631011874549103e-08
1.0382507668916078e-08
0.069496188640331
0.4505571195339548
0.9999999857651594
2.6468081194900993e-07
2.6560217585852337e-08
8.898817808292895e-09
0.35466671726913385
5.247440268865987e-08
0.5599440860019709
0.9999999935352993
2.8449551390005486e-09
0.6176939406943428
0.9544818973150989
0.09690861869252557
5.340394837002837e-09
0.24626321544799873
6.161804881337688e-09
0.5599709565696634
4.938658010346361e-09
3.460983413455806e-08
0.2427556133395465
1.6032618529670262e-08
0.5309113404710362
2.2614808735106102e-09
1.5822019823557555e-08
0.1431854230017646
1.8837195195888675e-06
5.259633564083546e-09
1.1609203116612836e-08
1.963860716316682e-08
0.6343263300591814
4.79012735779068e-05
1.069007437019377e-08
8.166105981464913e-09
0.6228495213432156
5.153458029966473e-09
5.820130613078978e-09
1.1009761692543712e-08
0.1529762382937508
7.930487512256506e-09
0.018988859979383335
0.10177677745204385
4.729145966991609e-09
0.8472666843744577
1.0471374517614274e-08
0.9999984884020325
5.406889437984537e-09
0.4552385753586302
0.5577573665561839
7.431107757385226e-09
0.02464607480290417
0.5474747891534609
6.284080745705046e-08
2.876400725699042e-09
1.8577217797947708e-09
9.824244411048237e-09
0.4675253027211286
0.06988655645896472
3.508255566973666e-08
0.20747440649143653
2.4845342469376533e-09
1.847759332474696e-09
0.5004328421224864
9.09006501556977e-09
0.1745804091912016
0.356607456950616
2.0447185025108542e-08
2.910983707937565e-09
6.310926938095135e-09
9.20479240793886e-09
6.605081950583191e-09
1.5675850513310237e-08
6.294153946856888e-09
5.8012584670520464e-08
0.3824294413209355
2.5573026366078717e-09
0.9999999894906165
3.94099789064487e-09
2.011175774191198e-08
7.77743530967841e-09
3.196376892002061e-08
0.3836028696970976
3.2783808257062877e-07
9.978413324605125e-09
0.1661041213395106
0.9999999942514967
2.39105397791789e-08
0.370715320530605
0.9999999816552703
0.9214595604759073
0.930737660682825
3.1573942803653363e-09
0.3240278304825364
0.9999999887689902
2.002448850056373e-08
0.5806674231800932
9.650634110734365e-07
0.35382850836920265
0.17523979123830458
6.578595790970948e-09
0.9999999778764546
8.735186772895437e-09
8.251643342423328e-09
5.3405058992292945e-09
0.09562338617988737
6.860056086345812e-09
8.734540265028297e-09
4.1116211695122186e-09
2.5427137761188724e-09
0.13735548277411544
1.0851220441717405e-07
0.019904026146779028
3.2082497699425117e-09
7.890424561623625e-09
0.06971232991441242
1.413172464742151e-08
1.965958121060953e-07
1.0430473700682803e-08
0.6458386809187444
0.07208493807987981
4.168163173510458e-09
0.9999997934424486
0.9999999434047413
0.49418328769292547
0.9309603799452981
0.48310573874858764
6.063740868409425e-09
4.3223196996891546e-09
3.430896245764602e-08
0.2317028211037508
1.2860862847832928e-08
0.8725259235342927
0.9999999917723862
9.631687997594378e-09
0.2969564744948427
0.9999999854383438
0.36816428105726096
0.9999999956553784
8.700919821164351e-09
3.3507937276536154e-09
0.1290495020768189
4.992716903636782e-06
0.05049848112928316
0.3256289967027069
2.9686237903914725e-08
0.3076173305271266
3.1949428865631845e-09
5.753882302746002e-08
0.789473841091684
3.6443611897541605e-08
4.223375643174179e-09
9.597786663899786e-09
0.8130111017222308
0.7964001634320216
2.8838598160539783e-09
0.9999999616838464
0.6908870270416443
7.97635847701909e-09
0.9999999941782624
5.358226446981755e-09
0.4566747419110327
0.9999999755872432
5.3278847263238945e-08
0.8835418661993923
7.088756033435469e-06
1.0120908403278505e-06
0.3550414249749508
7.454007878258118e-09
0.03308069854403989
0.5240256022315259
2.810223685712433e-09
0.1641574350443336
0.3539490924994543
0.06193699844406535
8.643189183954008e-08
2.6121294703541876e-06
0.4215418533679021
0.07137161295252112
2.657117069124315e-08
1.3156205831643627e-08
2.8589399756762454e-09
6.029105597422978e-09
0.22224074517197884
0.15498275690080612
0.9431755751956684
1.149943621433646e-08
1.5040569001886156e-07
0.3293016983806061
1.599856672819139e-08
2.478021708131282e-08
0.3803913330831778
0.9999999945763264
4.221409797968484e-09
1.4539520651817296e-09
1.4428203083586227e-07
0.21899936890339694
0.22038874211455947
0.8451997296713837
3.6470523066342826e-09
3.1914732553533472e-09
0.022046938855170298
0.5296232712375945
8.945019139362119e-09
6.215262259057618e-08
3.5638259929603364e-08
0.43192490951233325
4.0517868975917236e-09
0.13180488103139196
0.6317393629770153
3.628119389525228e-09
0.9999999968764893
0.06345039364367286
0.9999999811948697
1.837533301103843e-08
1.471207243425014e-08
7.249193901991398e-09
0.7526116773895869
1.2339069094188167e-08
0.17819433415522856
3.566933200507459e-08
2.4726953856508535e-08
0.35610936063441756
0.7528758259131779
0.6505621127464389
0.7937613630988599
9.662707598469052e-09
0.32107965301459884
3.859279440802558e-09
9.725130843257976e-05
0.04946610274221408
6.634610583951532e-09
0.23907794143328842
0.38491980816136007
3.790292160595052e-08
1.1877085109006321e-08
9.309927416139416e-09
0.5981579488461656
0.5568860226364851
0.9200471326573998
1.16960312965231e-08
2.989806663803289e-08
2.5132948949490308e-08
0.7245619959766435
2.486834600623816e-08
6.873826640124507e-08
0.3104934182284149
5.920759564281451e-09
0.5862827618620098
0.9999999934440248
0.43303900011771984
6.9381625903756936e-09
0.09407083307638053
0.8712013806259733
0.1840788658702091
1.2139846108957068e-07
6.092868163374777e-09
9.229757930795019e-08
0.13463814170789817
0.10961112401997249
0.19289747746459918
0.360769631393865
6.854399068923147e-09
2.9786722139380023e-09
1.3983581762041936e-08
1.9523387257645237e-09
6.251875626681782e-09
3.3051487255679346e-07
0.9999998529677455
1.7418497309164958e-08
0.4950977728352261
0.4437844180863257
0.9579323734032167
9.712933424151824e-09
3.0700448410428894e-09
0.9137677332868851
5.658003250523295e-09
1.1893776352266376e-07
1.0002688366782439e-08
0.9610681322326046
0.9999999475717526
0.9999999978605301
0.6299663528030336
3.09312375500573e-09
6.0523320212454435e-09
0.13857469347911397
0.26825559641150226
4.59477002830986e-09
0.27825095356086316
0.7349931055083989
1.133628728008154e-08
0.2682475378495206
0.333259278944625
0.8383772324006203
0.14746833317975327
7.297566654914294e-07
0.9999999872356091
0.947246587209271
6.754194634974941e-09
3.13921940228446e-09
0.00037462492385063954
0.2713677766956143
0.043936523379671265
0.9999999511131047
0.9999999891072618
1.7573935344228255e-08
0.4078858800716475
1.1237426159724722e-08
3.512376014137094e-09
4.138501286568589e-09
7.691687885202639e-09
1.144981353506524e-08
0.15312467948720895
1.3531771765585208e-06
0.5168170588563894
0.9999991292195436
1.639100494042284e-08
0.9999999494971424
0.5495016860770854
7.247581347696211e-09
0.0001232590644236524
0.6132971753695803
5.9154940072236945e-09
0.6270573566999447
8.716747188750989e-08
0.9999999945586061
3.14788038241515e-08
3.5233476857956375e-09
2.5578856762185054e-07
0.3785295711961146
1.612157587091303e-08
4.820571775180749e-09
0.9868527959652714
1.676790495085511e-08
0.9999999837096064
0.9999999928937807
4.526356249831538e-09
9.662431998949305e-09
0.13411996435699733
3.8003106347980345e-08
0.9999999910282499
0.08226167203172136
0.4347312429364591
7.085268643425683e-09
0.18514977371523214
0.4092266394743722
5.664081813717943e-09
0.9999999952851424
1.4683478060744168e-07
7.168220870814167e-09
0.19992458229365043
0.46314862763935455
0.8886940148634542
2.182395421479609e-09
1.5350890821859682e-07
1.796821134465097e-07
0.12870146958674808
0.8039826813338703
1.1107980292257705e-08
1.0463637853470461e-08
3.540315286325501e-09
0.31652854615275094
0.0011054598963071449
7.867972382629876e-09
1.7056455993965336e-06
0.9999999897837035
0.0957475618874755
0.2773873752557002
1.673252501520548e-08
3.016881648594314e-09
4.0762822126249184e-08
3.167627510487022e-08
0.9999999878219571
1.208024176348177e-07
0.8950942715386861
0.48789456642555856
0.35275766883720233
0.1886652111786889
5.052351633584487e-07
0.6019501266102545
0.3641115504470548
0.581997072356462
5.445749422148202e-09
0.999999993108421
0.5513087512439678
0.9999999935763484
0.8310740136884228
0.9068625875121408
0.3117917990471645
0.7065100814084981
0.3126441637969594
0.3588455113219687
0.12605889795660974
2.46243829058008e-09
3.39253666136521e-09
2.8692566088326584e-09
4.465902016408761e-09
3.138037591266126e-09
6.286837659827931e-09
0.29130462998191553
6.608080666183173e-09
0.4116724523486857
9.848443571815221e-09
0.14740073917231614
5.099133780199941e-08
1.71799002336603e-08
0.2443016260962812
1.0088558296402633e-08
0.00024338447794569723
1.577999170916941e-08
0.1896759912808833
0.017741678763285713
2.827066539009113e-09
4.415284750086046e-09
2.1755382087356377e-09
0.6052583790965148
0.35444538162354405
0.17879131966787085
0.7665530396299001
1.2361074942416414e-08
7.415783057111431e-09
2.9434127929869956e-09
0.08304307194974632
0.999999990263668
3.3688533747868886e-08
1.1549312490955612e-07
0.37286943861973004
0.2577593590821046
4.030540209004053e-09
1.2338130012364293e-08
1.094370931553222e-08
0.9999999760559694
9.928605031948145e-08
8.98831887523238e-09
0.5626984166051046
5.182319518978626e-09
1.4742663144787283e-08
0.13580407434413871
0.11423929100709851
2.147182336837701e-09
1.1777264311245585e-08
1.282402488972741e-06
0.8197616661005006
4.708671850089097e-07
3.25171750647963e-08
0.9999999924375539
2.3467924490955796e-09
8.12073393275702e-09
3.8409947227379355e-09
2.8599601333081476e-08
7.640136503048513e-09
0.9999825165721858
0.29226468604696576
5.41637952337453e-09
0.8101242595938284
2.938434191518154e-09
8.898203295080383e-09
5.7671711634273305e-09
0.6227340852421616
0.9999999962713508
8.266687983527735e-08
0.5698675723925862
3.190555658962169e-08
0.5398856095512193
5.2719207313456725e-08
9.572963353916435e-07
0.9999996958022603
0.41280788533774104
0.7557613011985415
0.6731727871995911
2.439095016962023e-09
8.613321558087262e-09
0.5072849346305706
9.856955029852564e-09
3.401811191480467e-09
9.939293131413806e-09
3.3432598246104486e-08
1.401568816644566e-08
0.9999999969246768
1.8189468335803845e-08
1.76740889889441e-09
1.8693148817191836e-08
9.538578806850007e-09
2.634755728104086e-09
0.26072401683912694
7.487468569507313e-09
0.4147199443346968
0.9999999649838183
0.4934755173013449
0.6315357528474074
0.6188002493471322
3.261623825969151e-07
0.9999999863394136
1.2239371271238562e-08
0.9999999929832852
1.6441345308534042e-09
1.33446042035907e-08
2.7455853914484746e-08
0.9451443311222426
3.868333952000988e-09
0.24327440896654096
4.61406568537996e-09
2.223702692673451e-09
3.3954279537829677e-09
2.0059429324261605e-08
8.83434471928351e-09
0.14525950973992555
0.2401505351768734
0.20362040447929067
0.9999999974645714
1.036650794708463e-08
0.10045729579720868
4.790993435628782e-09
1.4845635234437998e-08
0.39784521927868466
2.2895940014615473e-09
7.916843300476706e-09
0.4581163979592272
0.9999999971910194
6.719691537653655e-09
0.2419514460135668
0.699818392639288
3.0161842303878805e-08
0.616233722918444
1.1210779990485438e-05
0.08837921737866876
0.9999999969162119
4.349444648414588e-09
4.3036941585792926e-08
0.4159565900617643
5.176628361505306e-09
0.20469614561561594
1.3609519925462402e-07
2.0391462864586034e-09
0.3254650602655745
2.1154163669109223e-07
0.999999994221363
0.21008065855860614
8.088649555672963e-07
0.4778990585624535
0.13382454646795092
2.874176214067661e-09
1.2168908570967895e-08
5.107085674290108e-09
0.013955174903538365
0.23584815850524946
8.324965481642363e-09
0.6705415434787172
0.7233035415528088
0.999999995207448
2.271762707077924e-07
1.0107937546939926e-08
0.23365858071458995
0.846288379385604
3.587596613268219e-07
6.2966507537121215e-09
5.860219497272466e-09
4.3090001916595296e-09
0.9999999950390146
2.061221121779694e-09
0.12208261285028961
0.8987663667565108
2.499702302408805e-05
2.9801093760397666e-09
6.2797578225376785e-09
2.663326453165296e-08
4.815885835859597e-09
7.364539029166694e-08
4.057580795903729e-09
0.2541983200385038
0.9999999527629768
0.13493701406097536
6.048657983709618e-09
8.599763188839643e-09
6.919008521900826e-09
1.2580922238076523e-08
0.6996028133427596
0.9467638348804163
2.611342036568476e-07
1.7540783254892888e-09
4.846799434487692e-08
1.3353972627172216e-07
0.23888534647879436
8.763854124153205e-09
0.43719337365573563
0.9999999900017571
0.999999968504066
7.725934908670747e-09
5.776559385129259e-09
0.29793523012764606
1.3890774219489352e-08
1.7876389479343928e-08
2.957049122494797e-09
0.19016234097597307
0.09312355838504636
3.539636038282401e-09
1.0327975200424907e-07
0.9999999919237295
6.335985430538763e-09
8.717244932571643e-09
1.562530269985795e-08
0.23179393922178074
8.648043518188178e-08
1.1130812856204713e-08
2.804941397200528e-09
3.790299292377993e-09
5.4180951509062895e-09
2.0595997692339258e-08
0.7214831029979212
4.710891454303711e-09
1.5029577094727497e-08
7.338285352555055e-08
8.79356028045776e-09
4.151781069163692e-09
2.3260479058656287e-09
0.9999999960470014
0.7946709573124772
0.40189127686761855
0.08106281794459236
4.366001911280367e-09
0.1742978677140099
0.6438771964635649
3.847459683431802e-07
0.9999999978582704
0.2295467363382069
0.49240285868082107
5.4193337368032326e-09
0.5779639261804231
4.260190168513465e-08
2.6204155379960804e-09
0.761865225666277
0.4989210539578987
0.8211172925373184
3.085162491069076e-08
0.9999999878203146
0.7945623979843426
0.9999999831884373
0.777064884401331
0.9999999822713117
8.7016052582955e-09
0.9999999956983107
0.999999980558115
1.3765122167218527e-08
6.665240828751367e-09
0.9999999967791343
0.0016252636790099037
2.296186482755211e-09
1.8506603134826622e-08
9.661338280105355e-09
0.12558356073838658
5.09715507172895e-09
1.1518136116404472e-08
9.832593431699818e-09
9.484899799197712e-09
2.6400331821625733e-09
0.9999999970809433
0.750861446178726
5.881214829277498e-09
0.9999999861570178
2.806602642482426e-07
0.7746301345945661
0.9999999975641846
0.373848790058837
0.25892745675130724
0.8576672854913975
1.529300110376754e-08
0.08657734258328025
0.07957175497534313
0.9221039235392996
0.6685751939554494
2.574795718495205e-09
2.0387226724279656e-09
6.812199635241064e-08
1.4687607707614476e-05
0.06959780824555557
8.48070975698792e-09
5.397208880529814e-09
0.5652873468060114
1.1386960040766881e-06
0.19334799904678035
7.92351968208462e-09
0.433608995702963
0.8205556885418714
1.789807383621315e-08
0.17056775428576296
6.222779111923029e-09
0.12967896807039989
0.6780554856678235
0.7046406953893292
6.0152130844870595e-09
0.6370016324000721
3.777473083927755e-09
0.85091956760321
2.2848570647829e-05
1.2872760195458613e-08
6.364730114089416e-08
0.39166382258899407
5.269433368392053e-09
0.4646504224982461
6.011625023139525e-09
0.18604850529008077
5.981146393184059e-09
2.4194640394540447e-09
0.08554873841051473
4.2803000275593223e-07
0.24297674503987288
0.6948538366917658
0.5757173960468577
0.07241330354318969
0.01622514256384353
0.04511095276200871
5.6373088821063276e-09
1.167284926398998e-06
1.3195971740940736e-08
0.6818726539629109
0.9999999930505007
0.9999999944927287
0.47429143337966384
0.9999997026181205
1.446347730505015e-07
1.0514831064010598e-08
0.6060693514784539
0.9999999073391272
0.06500747400218171
0.46633736802595366
7.798166737367826e-09
0.31913817593824007
0.7319258354386055
0.22049920996745062
0.9999999953882374
1.4325037236604054e-08
1.0169836600181623e-08
0.33050135202186953
4.55381523223713e-08
3.2143466714967197e-07
0.3202767978260497
0.9999998838817304
3.5756996194526462e-09
0.3795155546956244
0.9999999963351687
0.5043149958052825
1.3640263538647458e-08
6.243079968701936e-09
1.715370277499641e-08
0.9473974832006061
4.001110712871359e-08
0.5044000293468969
9.560083734159788e-09
2.2677574826957025e-08
2.7298741348762043e-09
3.4090865814999398e-09
0.2882382570891901
0.18900514449779815
2.3602804626219773e-08
0.49056668165679
4.114395864269149e-09
1.484581609164001e-08
1.4495752431287142e-08
0.9999999666877534
0.16517621967126667
0.9999997791748911
0.15490386383840912
0.4025937874822468
2.999271243930367e-09
0.5335303937175098
0.33371117111481147
6.041685734394122e-09
0.11516334363169692
0.9460908557675591
2.5794455627144124e-07
1.1918360600594138e-08
0.16808665586532118
4.8350502720749105e-09
0.07237843758468579
0.2371149519977461
5.920791806851743e-09
0.44183365739488456
0.09961060483013508
0.9999999965514813
1.373620295829158e-08
4.457200850947826e-09
8.575819454115721e-08
1.3301764814686405e-08
0.9799238835689205
2.8866459978148164e-09
2.391431084558864e-08
0.5414800904476638
1.1625058232210833e-08
0.9999999836401126
2.6703641973282227e-09
0.9999981137482128
0.8708149642456
6.098594633317963e-09
0.04016297891245831
0.9999999759708063
0.9999999974666322
0.0945808968513443
5.6099400387487e-07
0.35623742692460847
0.015015634194926977
0.35174079331198016
0.13691100084094626
2.1220254556961867e-09
1.3737558597872078e-08
0.7900941008063256
1.0471125569494717e-08
0.5543313281110555
0.8489052177328335
4.6089759417161376e-07
4.6717366764286696e-09
1.6639601499085217e-08
6.10969947550774e-09
1.0036836791071427e-07
0.4066803425122441
0.8043083491749039
0.28232580624127995
2.5021417586405317e-08
0.7770801292669659
3.8955046862426115e-09
0.562069189749119
0.6036425442863689
0.9999999443673636
0.6399028099759969
2.287367268484806e-08
1.4555139932066294e-08
1.2196328026938453e-08
0.11843418360794272
2.668918826025565e-07
0.13881624805707976
0.1177844764074778
3.517742799143432e-09
3.8015072090415795e-09
0.13641491126459568
4.190985900440172e-09
0.6492045309710149
5.671810524236968e-09
0.23729197351868447
0.999999976441042
0.4364898156304563
0.9999999693134345
4.198195479050128e-08
8.52575420060706e-09
0.5120483711702437
0.452802278959542
4.5985938045892046e-08
0.9999999881503598
4.0374074415673304e-09
6.7661056438977585e-09
1.594621149179321e-08
0.6607141623002533
3.3412664389473545e-07
2.56036496109534e-08
0.6204792365943081
9.376429926466068e-09
7.345813841213886e-07
0.06231775389760822
1.4432350495038479e-08
3.3394099279098983e-09
3.1936907374960055e-09
1.8923849054011117e-09
1.0887452625018081e-08
7.959306173544546e-09
0.7189762136874507
8.633125489757167e-09
1.544044955342146e-08
1.1725252081437787e-07
5.385851588608411e-09
1.801176138805109e-08
0.0851359174535011
3.446722438741815e-08
0.14836236119027404
0.8548972133897154
2.1793933211416997e-09
3.979987640997024e-08
2.50394610153388e-09
3.2938126323543365e-09
0.9999999894912625
0.3314655291460847
4.103511869732755e-09
0.6563331931297629
1.1189052294467959e-08
1.0431376580903095e-08
0.9999999852135291
0.207908989949657
5.978855963009959e-09
0.005587778194603002
1.44943185132675e-08
0.04243525840551111
0.6491146390453573
1.5303924959707416e-07
0.0687549788202287
0.9999481910668593
2.454772740087186e-09
0.9999999966114572
5.627306203337534e-09
0.46528321914283743
0.9999999263966116
4.9012551951182056e-08
0.9999993099534815
0.10306137937363133
4.480866828727051e-09
2.3519251106255753e-09
0.1746820457375233
4.02065850544951e-09
4.070581376578796e-08
1.3274082044725388e-09
0.7696496722599391
0.3807851047435264
0.9999997676350023
1.4742901592783925e-07
0.4588311468331173
2.3535789383837108e-08
1.8508570369577378e-08
2.701818907114717e-09
5.6294611882901e-09
1.4902031094648808e-08
0.6814617717969252
0.19636956336491962
4.02527530120363e-08
0.8383988163778051
8.080543431234427e-08
1.3710842235091166e-08
0.30297091798057235
7.855236218583865e-06
3.033382637944401e-09
5.409054609936273e-09
5.895344465407591e-08
4.598244218047444e-09
0.6098853326799288
0.20206878472186657
0.3380938504513455
1.352032132612019e-07
3.971797483207835e-09
5.641674348537549e-09
0.3780774110214155
2.370010881123811e-09
3.966146992135618e-09
0.573888992683237
0.043786466985356494
2.0068947775868967e-09
1.4286008433296997e-08
9.355445676611944e-09
6.620327708938663e-09
1.0258173580888903e-08
0.9999999948170322
0.14239329583338103
1.4057535020088551e-08
5.564816980346655e-09
1.352771752871721e-08
0.49494849417005654
1.9552263321168688e-08
5.614529791499393e-09
3.817022600476037e-09
0.286690979114783
1.1167965904346978e-08
3.424463542155613e-08
0.5758762071174051
1.1662625782518588e-08
0.9999999909720302
4.8270660954550194e-08
1.4814668373942602e-08
0.99999999384157
0.5512340963607075
1.0302841935517196e-08
0.5612754512577987
0.4121200877556655
3.973106687272338e-09
4.812513137781146e-09
3.400627130507776e-07
5.198372970501473e-08
0.2565529992998587
0.5360602288506201
0.9020153455311016
1.0637824240506402e-08
1.7332014788674942e-08
6.6101376723481935e-09
2.1594294312067984e-08
4.6016953075610116e-09
0.9356640218926391
1.4025922196200031e-09
2.0827491516907623e-08
2.5447866839613128e-08
1.4784506143345087e-08
3.435713175582912e-09
8.049803851921883e-09
0.21976456043367676
0.9999995939951155
0.04464252234846296
0.050976085119893474
0.19827180922057225
3.7411789378668165e-09
4.564942405574256e-08
4.615361565532083e-09
1.4134534273075346e-09
1.5270721246842406e-08
0.9999996438324716
0.3205461851359247
3.4978628170436163e-09
6.764415441722662e-09
7.673689247609265e-09
9.29090727320491e-09
0.28514788618923403
1.410998677738234e-08
4.099824302294757e-07
6.691821240889216e-09
3.170978925373378e-08
0.217713575205904
2.3277306036678183e-08
3.555037234007179e-09
5.174267636369681e-09
0.6787393825494611
5.5823608694534666e-09
2.2332282350196216e-06
0.9999936341847437
4.3872393856686714e-08
0.03613963405823957
4.820583149852443e-09
0.9999999827542637
5.253098554845554e-09
5.405083449097567e-09
1.2569829526719938e-06
3.769105557174192e-09
1.6591507002709248e-07
0.9999999975407644
0.9999999939639856
0.6391463860746421
6.548820339147196e-09
0.4535693388557161
2.030774618690865e-09
2.340982724105439e-08
0.421470667005874
5.855501307393187e-09
0.4824777186982146
5.7870642889748323e-08
0.184310019517208
0.8975762742655812
0.5619625634624174
0.5212905410814108
1.2844215967740469e-08
2.944299180590936e-09
8.779996018877676e-09
4.659839991435448e-09
7.957510411957495e-09
0.9999999940350427
0.18639549738191996
4.4048140423966334e-09
3.29092246776083e-08
0.13784480663314022
1.0158282969466275e-08
0.5190615377391204
2.9067317010858125e-08
0.46130655169236173
1.6157309527540947e-08
2.8285061200044016e-07
7.80918313503364e-09
0.609705150145877
0.2358500099241539
2.6383106833569408e-08
1.2748896795525533e-05
0.9999999955976355
0.9999999956090186
0.23568439034845115
0.9119244965524248
8.374921697798797e-09
0.08261234609642763
3.884969755327161e-09
0.5355773300801312
0.9999999752354128
0.42241522747122945
0.9999999629825146
0.40748688032130387
2.7702353036044874e-08
0.21820369359835498
0.31670422115898966
3.407784055387169e-08
0.2527976764114255
2.4055142094951727e-08
1.2628176951616627e-08
0.19737214957495514
0.3025582580969112
3.8735631806263615e-09
9.1839095734553e-09
0.4614237316669176
1.0768039167009782e-05
2.421428488402288e-09
0.4160406691102322
0.5284637613203772
5.299046069415341e-09
0.6525710233021247
2.624572981572459e-09
0.4823352653706769
0.0024797667518145915
0.26444474516977684
1.156452090007733e-08
1.2278737895271441e-08
0.9999999882056826
1.6010407820967284e-09
4.787635958642281e-09
0.9999999940387853
0.7104215263103327
1.86091163254534e-08
0.7081203966286653
0.2144435287953858
0.41073879971710314
0.6415158324653946
0.7439641052514124
6.934341258177081e-09
0.417413822136015
0.5717674843485117
4.540739437932281e-09
1.3052110867806133e-06
2.496144205025585e-08
0.9999999936220615
0.9999999891111503
7.21478815811783e-09
3.453281567489695e-09
0.38518553543156825
0.03106621762274414
0.9999999970300952
1.1599971456636666e-07
3.3727121894706032e-09
0.9999999898706318
5.1097793452537294e-08
6.403987156811568e-09
5.593655894065722e-09
1.4234721928612113e-08
3.241051350893191e-09
0.24321626862153667
6.294874144559809e-09
0.4663634689025995
0.5473219090892644
8.530882964148495e-09
0.8789660819216775
8.775294206533346e-09
0.6303862500997895
1.8708710070737037e-09
2.845743779063508e-09
1.1552700672131233e-07
3.4146852296649467e-09
0.6230478072638003
5.467402700721447e-09
2.3392791713545397e-09
0.9189944545692609
4.884192887837177e-09
2.1827184477992814e-09
2.940586939794816e-09
0.9999999827966868
0.5033697707019272
0.08443648637717485
5.6130699399486475e-09
3.7895932462829717e-08
0.2737504575960586
5.309995465681098e-08
2.864384144310475e-08
4.4595852915161736e-08
0.9999999970536786
6.962965487474095e-08
0.5214737312449245
0.7222101344818882
0.9235801213355956
2.0388024624807764e-06
0.06150989732671817
0.965377616083722
5.669443838040778e-08
0.19919398549072345
0.0927795625107751
0.1652953529915107
5.032475938813088e-09
3.1242045132485786e-09
1.4445481405321418e-08
7.221704749832816e-08
0.7617514072816037
7.180895107619915e-09
0.9999999773416626
1.8172869765412797e-08
3.461273127274011e-08
3.895656209066832e-06
3.6138157417247806e-09
0.6374173470679357
6.342480611515904e-07
0.22621648747108555
2.3223712096729493e-08
0.018226170215535034
2.239967034944412e-08
1.1094759615474515e-08
1.2817288048173426e-08
0.0001473226567537451
1.9454624205674447e-09
3.9638154880656415e-09
0.13081707309761262
1.5551607131937925e-08
0.9999999628664205
9.734318806491483e-08
1.5181522740281937e-08
0.24434574909026593
1.5141515537516426e-08
8.913345528552084e-09
0.20689347747264525
0.5472359644226007
5.305635129538555e-08
1.0539995821089928e-06
4.4882782273638315e-09
0.1339636299738701
0.07343099566997052
1.1320932735676263e-08
3.481107718649927e-08
0.16197445009734193
6.026035486262789e-07
1.9304083755395856e-08
1.852700936572865e-06
2.367807115017415e-08
6.792438078272811e-09
1.3504384813999588e-08
3.4700631200531056e-09
5.208097370627509e-09
0.28531127153847313
1.040174415758484e-08
4.070581397811292e-06
4.174268428994308e-09
0.020132924191457326
1.3598849691112395e-07
4.479131372788761e-08
0.999999956390792
0.44387469483344577
2.7166581200693323e-08
0.9547452449091276
0.002254650081917941
0.9999999917726887
0.24316158329337212
2.657346900083761e-09
0.999999974571742
8.772010223817685e-09
4.62936980280673e-09
8.59390988718577e-09
2.891699582209158e-09
4.917538920306411e-09
1.7508407595979205e-08
0.9999999943991416
2.025057834143661e-08
4.16133454442612e-09
0.631300181557509
8.145698111948181e-09
0.6729003243229558
0.04275197089012444
0.9999999905925625
5.276107865419406e-09
3.4442523260959625e-09
0.06837440133722684
1.2103353366185167e-06
0.05887331205005524
8.095418789691336e-09
0.9999999836954085
0.5204634100457763
3.852364676671361e-09
0.1417167844188537
0.9738171080997872
0.8069544049876186
2.552501619998622e-09
4.75539670439695e-09
3.808789743460246e-08
5.339784494220213e-08
3.3007785066834626e-08
5.1777815195472076e-09
2.3447579694240965e-09
2.5494918886224337e-09
2.4746165414687292e-08
0.05745389551981001
0.957049164037861
0.3526636705635877
4.951696392106021e-09
3.527148623126109e-08
1.7292084625130975e-08
4.368778889705517e-09
6.981724439823027e-09
8.32704807189834e-08
1.2032747472268709e-08
3.3308259679267274e-09
1.0536423427384407e-08
9.635582686572399e-09
5.013907164143776e-09
0.32954926120216266
0.4106314143008576
2.6810061743052424e-09
0.023886221159769776
0.02746536591263184
0.3281321536136148
0.15161800680753534
0.9999999947392363
2.8041215566982978e-09
1.0180728873836354e-07
0.5609834877580402
9.769360378380287e-09
6.713382915592466e-09
0.3499384571753811
0.42804741370510574
8.499286470301729e-09
3.9357276225258714e-09
0.22135802118139247
0.9999999879031601
0.6308434664799198
1.2861914036089073e-08
2.0436631037449568e-08
0.8992625368475392
5.225496843869787e-09
0.8897166656515274
2.209817563406273e-09
0.030402910869879677
4.4469766687396e-08
1.8574608829850156e-08
0.03063228466536458
0.29934038049679973
1.601732144424422e-08
2.006348463994675e-09
0.9999999936070537
0.6169337210895638
0.7935504023163202
0.9999999961722678
5.647328548745189e-08
6.691247759840689e-09
1.7643639947037682e-09
0.48763300681152205
5.186593917442182e-09
1.4243223894752013e-08
8.87880504128739e-08
9.318785374836119e-09
2.5826214603979336e-09
7.694453495537966e-09
0.20066985635403425
0.19375012428492022
2.9664462127183654e-09
0.6604904307813598
0.06258555510746741
5.530520876166051e-07
0.11703377807792407
0.5922519913524787
0.9999999872327202
0.5281142328554425
0.21015773979166616
4.303856363498797e-09
0.999999990890325
1.1153831324654832e-08
2.471633989577352e-09
3.323856041421871e-09
7.521932972292918e-07
0.4102562810326113
0.046715583478457744
0.02056678056282727
9.437657267219706e-07
1.7228302777932822e-09
1.8616849707722552e-08
3.2262951905638317e-09
0.22254686940845456
5.7629474355282955e-09
1.0992976978690799e-08
4.263924311727769e-09
0.7126711436042301
0.582318790550143
6.250326787319437e-08
0.9999999897975999
2.120338898635158e-09
1.115344857329936e-08
2.78831774850461e-08
0.9999999767128439
1.8110688262356342e-07
3.0715317367705473e-07
1.5745826169468246e-08
0.9999999888352225
4.592343836826946e-09
0.8416643836554071
6.24153905979043e-09
0.6183908916259326
0.49657034976750225
0.19825248822149127
7.730426325810097e-09
1.468702841499502e-07
2.383086603340586e-09
4.932135843658062e-06
8.974498477775515e-09
4.4325607440420626e-09
0.09929568258814483
1.8326587809191085e-08
3.936621050686211e-08
2.03237719511647e-09
4.9509214177912037e-08
0.7859262079878683
0.44060188303136205
8.730366596231465e-09
0.6451831669915352
0.3393530786877176
7.142427923131805e-09
2.5649083422642184e-09
0.9625611874876823
1.1932685186091693e-08
3.585362110772906e-09
0.9999999964132503
0.13118789663569874
0.16922628000098675
5.481060740765795e-07
4.5457803266678625e-08
0.10437064003826436
0.3313984341290614
2.8662503708968523e-09
2.9664896697065838e-08
0.9999999900768424
3.9889681952274516e-09
0.21767185275262407
5.7676985374273285e-09
1.7932766677144372e-09
1.3914740555439204e-08
8.297235955703466e-09
5.712170222253743e-09
0.9999999098117098
1.5187799155963305e-08
8.069558218128874e-09
1.6324025904110692e-08
3.2991198428835344e-09
0.9999999943186123
8.7034011298999e-08
0.47434762863249036
0.999999832848098
0.9999999901051349
1.1177226034082848e-08
0.18383188065128805
0.84528475259403
0.9999999744567512
3.7611387720601196e-08
8.328267097079809e-09
4.8562055921651404e-09
0.8613790569422248
0.9999999862396216
0.9999999845171205
2.0592624626114397e-05
2.978714145999612e-09
5.4060881654697926e-09
0.4010636277437905
0.7783343235791912
0.9999999837041417
8.862230030472329e-09
1.0952401328214892e-08
0.612900133518885
8.063314930931989e-09
0.034357331099258495
9.500782504451845e-09
3.6112037764791256e-09
6.157649232582181e-09
0.5871919565277456
5.9388159041087374e-08
4.882334291731779e-09
0.3927243287148635
0.6169365373829857
0.9999999826372555
0.05546208943737982
0.15604193113873588
5.160607769622237e-09
6.594422795546118e-09
0.8363920832723518
6.6478176789104e-09
0.6170805848233983
0.9999987974421899
0.05774113094095333
7.428465067013663e-09
0.0155546046299468
0.8144741559886927
0.27847668791567376
0.3867873153066566
0.35650491366552706
2.410281850994092e-08
5.821296097518503e-09
0.007297641638626431
0.0475274874871101
6.792056989052713e-07
4.323132523918241e-09
2.998103440443637e-08
0.7606505936085093
1.5764524403663748e-08
0.999999997583242
4.0530983131802875e-09
0.30255036105580263
1.5412811585409632e-08
1.1196781096021335e-08
6.149744185717132e-09
1.538600269112876e-08
0.13999708090870736
2.425332425313399e-09
1.2098389342402167e-08
1.823199407803417e-08
1.5238213647729975e-08
1.898244037521971e-08
0.3683555274020798
8.787248504929119e-09
2.958950863751083e-09
4.439952006455624e-07
4.030446590002623e-09
6.743571061413794e-09
7.413736759316708e-09
0.9999999896145777
0.8278934841446597
2.4926623948493683e-09
0.18743939407473914
0.9999999886161861
1.087316684091515e-08
1.781187438194553e-08
0.04983727598021584
1.8901835820611184e-08
0.5288715099995764
1.1929876382732109e-08
0.999999982810695
6.890885127960464e-08
5.2045252356189226e-09
0.37723832181856815
0.8249193517858477
1.8951304435710336e-08
0.8580255546987082
0.9999999940312966
0.4574408997254958
6.618144032946842e-09
8.65163094918591e-09
2.9780092955929848e-08
0.25464049033653025
2.8824166494286534e-09
0.03209531041632849
1.768451807377039e-09
6.928300439305547e-09
0.2953399359082295
6.883275255304167e-09
0.663262910517775
1.1067652351924743e-08
0.9999999893984557
0.5582018519896019
0.7067111516294
0.4853722198677716
2.323793773158858e-07
4.499278472527515e-09
0.9999999934347612
0.15439504069748097
3.1745061508879826e-09
0.9438440703957083
0.9999999839905707
0.3453226226105026
1.4040793747426455e-08
0.44440297389730976
4.680321202723129e-09
0.7762644289918026
6.370865321181187e-09
8.323923510954609e-09
0.563407304911831
3.9842445478244596e-08
4.600113806071925e-09
1.7090290566190908e-08
1.8279416667387875e-08
0.5114103923246283
4.156922068308064e-09
0.010867175091874607
0.9999999243502694
0.24751869577972382
3.4980693552207396e-09
2.206906239740371e-09
0.6898152514871384
5.158078457930358e-09
3.990027443903337e-09
0.6862001005636721
1.4232417619305251e-08
0.07740377781124842
2.5431308618643745e-08
6.759551920811681e-08
2.1839868396055907e-08
1.3155319624616715e-09
3.342791989152187e-08
0.9999999947734729
5.051644294967872e-09
4.460397546035567e-09
3.3251110685934637e-09
0.3351913529140318
0.07543564347843836
2.265648094380642e-09
0.5095192062911122
1.6526705500324635e-08
0.9999999878951603
1.5551702647292523e-05
5.489852765529743e-09
0.06594234481494066
0.00808099996335733
0.5959520661789225
5.2773684609090015e-08
0.8116483063969696
2.8174090263523413e-07
0.4047562599301338
1.2229814792171869e-08
2.214790122419571e-08
0.7384050834568192
0.5356351701307198
9.446137661276256e-09
1.3942258474943306e-08
0.12545849980644075
0.8731283221493956
0.6787732462987421
0.0501363117530248
2.8797014368099363e-09
0.4257595690908228
0.6745721228127823
0.0702900574861809
3.910522215651157e-07
0.33124935315802906
1.6113760494281412e-08
6.350053609448808e-07
0.9104814211123673
8.62892959863682e-09
2.441562980852079e-08
0.33855438649860353
0.17877318522908298
2.3084118797701674e-08
0.34217794212926333
0.607819145684234
0.9999999832430821
0.9999999946785447
0.5257094585331087
1.1546916327642247e-08
4.013671061740268e-09
2.775223490719542e-09
0.3092606838428371
0.9999999957964225
