3.5249094510925416e-09
0.44557329587744726
4.254518428772917e-09
0.9999999843506301
1.0832033155404788e-07
0.3889045904246147
3.863056943381075e-09
4.1435413255299245e-09
0.99999982341437
0.0001070670956318042
6.255116131179782e-09
0.2479865246572342
1.3254327488697916e-08
1.4421552445188486e-08
0.6832152792187818
0.9999999854847115
0.2899250166449222
0.7577802396815383
0.32354171913108415
5.142355103700082e-09
2.1568896488459664e-08
4.654708639515586e-08
0.23087755346944183
0.385925828953494
0.1798637410188251
3.32228341006933e-09
0.2844282651774236
8.112630318618573e-09
0.9999999376832215
8.2813446901176e-09
0.4440517141743362
0.3590314875868428
2.295671260874121e-06
4.396580494226683e-09
7.629858796112912e-09
0.24576213008073583
1.9402909957948688e-08
1.0411029906014562e-08
0.05053729914546887
0.7609399522687648
7.17547621694469e-09
8.99664445695556e-09
0.00012238196528479805
1.0279809483278128e-08
6.8390127302161046e-09
0.3691813124719935
0.3428423052827046
1.8161759678725148e-08
3.91791084643259e-09
0.9999999816889216
6.875301594235582e-09
5.500981109788916e-09
0.4239767788865865
2.474347510017467e-08
0.22529919199243464
0.9999999932424238
2.285198330859591e-08
2.8510168327256118e-08
1.3614000439960642e-07
0.20139822783193925
0.3892943978732724
0.8080208564929269
1.2852247077608175e-08
1.2337578545419467e-08
4.839094763227762e-08
0.11126321045290068
0.563344066482076
0.9999998201754726
1.698603609142224e-07
0.5795945450512405
1.679032651411651e-07
1.8424291680477454e-08
1.4530233546999274e-08
0.9999999695521541
0.5422546109809596
6.424016465723126e-08
0.8774614268566435
2.737518336236818e-08
7.3117618371402e-09
0.9999999921439311
4.098916136604717e-09
7.83741241726932e-09
0.6306402675292865
0.9999999984455066
0.9999999961387743
0.027022045935661262
0.23663509371403033
3.021659011758254e-09
3.1152430957669715e-08
4.146985440356156e-06
0.9999998131954132
4.640617786027144e-09
0.24182466828979676
6.1673220300558325e-09
6.6805816068555705e-09
3.678183135737296e-08
0.2904452972442742
0.9999911390962438
6.242453320060218e-09
4.801959285198256e-09
0.6872502615320025
3.905790771102814e-08
0.9999999979709471
2.67528402181754e-09
1.3962732065150209e-08
0.22999407296352684
5.67818405621559e-09
1.3362890576495519e-08
0.2855540893385138
0.28667103659850046
0.010275211508364076
0.433889327654503
6.043694155476959e-08
0.3029785667241625
3.961632458426325e-08
2.8091622263041294e-09
7.533348177919655e-09
2.999300319647946e-08
0.7953292078917593
0.04358664199168893
4.085661555916288e-09
0.3127297962940468
0.397545658418728
2.017258744983256e-09
0.9999999623810272
1.4436478818418344e-08
0.13419572021556345
0.6607860049854005
1.0057922587869007e-08
0.9999999936374289
0.5251473295910583
3.3130045309136232e-09
8.276719928923009e-08
0.9999999911901566
0.04084030625907039
2.7524806175798258e-08
5.326136277359767e-09
0.8510677527822768
8.124573049985938e-09
2.5697055869520527e-08
1.9469115040647718e-07
2.65250764556779e-09
0.6886339860642204
1.3618497608145608e-08
0.23808314356066923
9.296252399140396e-09
0.06666680955269164
8.780324114222005e-09
1.831883253843354e-08
2.166869330261145e-09
0.9999999926207639
4.845635000014056e-09
3.5850289035876606e-08
3.6976360098904527e-06
0.8378095152447148
0.27235427374194104
0.4434094127032546
0.18459970904766126
3.185575251756717e-09
0.7679017193251562
3.7583699856148834e-09
5.334445399465706e-08
0.3865707420628735
8.338780063607316e-09
0.7204085660758774
0.05794122409487464
0.27592410997263395
3.06975518065701e-08
3.740239604982456e-09
9.35324325130039e-08
3.5550304673566427e-09
4.811683962592324e-08
6.666594757938404e-08
0.188004559506301
2.902373292183637e-09
0.4546705453887867
0.09468138043498198
2.833241669992152e-08
4.6254431534354263e-07
0.178931469615044
0.9999999963356669
0.20628724553228048
6.2880991158718365e-09
0.21465981494335878
0.999999880847244
0.4639840216337751
4.4943819451337136e-09
1.1350665772650264e-08
5.00918102367157e-09
8.169327429049197e-06
1.5460102239494893e-08
2.2465665713197893e-08
2.2445799170420382e-08
0.2560347564800729
0.1878084475263264
6.329181833544625e-08
3.9821493337389884e-07
1.02095865992517e-08
0.6599024417197985
6.132988084045194e-09
2.523283454897393e-08
0.19573677148321458
0.22407354007482755
2.2504619268485463e-09
2.962553794596167e-09
8.069043066285479e-08
1.6552671951385534e-08
1.4216983474023315e-08
0.11815274565231096
7.967603895207534e-08
6.0706331378723915e-09
6.719669375950172e-09
5.759504079668664e-08
1.9344276484696213e-07
0.0734478903788805
3.092967209793394e-08
0.054046509876039026
3.7027150461714246e-09
0.7436911953759902
1.2333231008794946e-08
0.758720002155435
2.411086781660192e-08
1.5456795499465747e-08
5.489422282631056e-08
0.9999999894027376
3.6100465244602374e-08
0.13520761242864204
0.11331322127720542
2.9934478425738636e-09
2.4171595543525627e-08
8.891701008759459e-09
1.4336088704058506e-08
0.1938353647410499
0.22626639002095364
5.627091044331599e-07
6.280544436399191e-09
4.925242741660696e-09
9.756666502818865e-08
7.496645324041684e-09
4.994965058644552e-09
3.3095159316774104e-09
5.41441945508702e-09
5.469768042567145e-09
0.7461412147469549
0.9999999951545285
0.3000511844799942
0.6470251555121582
2.2518254802363373e-08
6.02703896203484e-09
5.480368915782806e-09
0.035612614453478734
6.5879389968363845e-09
0.6208808032914902
0.999999984901415
1.0324877501271359e-07
8.850241115329725e-09
1.4528037309082228e-08
1.3846210097435865e-08
1.906188461820417e-08
2.3459714879731894e-08
3.207943211578791e-09
1.406695807122103e-08
6.550133079564217e-08
0.0006497442252034976
0.9534862737980202
9.736011521152415e-09
6.87478637441554e-09
3.9100346654890316e-08
0.27540108232780897
0.01483956827547225
3.614004737528798e-09
3.713830396038591e-09
0.14164234337389517
0.09225106855152475
0.10864623359117878
0.5691593581132575
2.3561032243567086e-09
9.76372114319379e-09
3.9129834457318e-09
6.516742796594498e-09
1.0044314847681169e-08
3.456038069776162e-08
0.44156643930974915
3.201130575224363e-08
2.3941800367911007e-09
9.88696878681708e-08
2.9791163195665323e-08
0.37344482320190725
7.982467102350146e-09
2.5396539539959824e-08
0.22678158108291527
1.163180902727548e-07
9.874729851426474e-09
1.7494938417708434e-08
0.38896377243226765
0.09346038620253373
2.2870558761043284e-09
0.6418530582182553
1.6685678294747255e-07
4.192796226073637e-09
1.8126769527769127e-08
7.420451457917291e-09
1.3338806473399126e-08
0.36424627940138715
1.0203941529732488e-07
0.18811111014018694
0.8589478583377146
2.1766073080886314e-08
0.34226892541926107
5.315952679125492e-09
0.4043164313192407
1.3053999978919984e-08
0.5696270030061352
1.954679933356162e-08
5.938069188586917e-09
1.585126902831638e-08
0.2595886017666287
4.561102481918295e-09
5.041004326005876e-08
1.1283224282172226e-08
0.043905420096497415
8.509139702652376e-09
0.20163775484331128
1.3481332064228492e-08
0.9999999889916529
6.662485904042644e-08
8.130601917824307e-09
0.9999999969936798
1.9854707974863673e-09
4.167806452879435e-09
0.8903411617577258
0.9999999894098657
0.44312555640171125
1.3591927717072282e-06
2.481478032955894e-09
2.0104355591199354e-08
7.456821997524397e-09
3.7800047304088136e-08
0.4772194933583667
5.589603015482557e-07
5.5630338917426075e-09
0.24285893951782808
6.758311670367865e-09
0.72433954293674
9.057135378725832e-08
3.4105419532720386e-08
0.14143173423747205
0.39534544171095526
0.9629970557375807
4.4566537169202154e-09
0.9999999898978843
1.178190720556341e-08
2.5794349359956804e-09
1.0172697609088358e-08
1.0434217205454746e-08
4.716280543693998e-09
2.060672874819438e-08
0.999999979171438
9.696857108397706e-09
0.9999999663789171
0.9999999785069972
0.003110493670015291
4.0626018381534975e-09
1.980726092497503e-08
1.530244425669647e-08
2.2522613836467188e-07
0.5565264955566884
3.1621331608116484e-08
3.6648458630463614e-09
7.82561177186046e-09
0.11074964988053716
7.805401660574041e-09
7.018404392632751e-09
0.9999999974393999
2.3846965885049633e-07
2.551698332780267e-08
0.7746645550201477
1.0333612372239832e-08
2.1169906121984304e-09
1.4493467641647207e-08
0.5574398382830194
5.26139465663756e-09
0.06426728002239146
0.17511645708168427
0.7313503369706998
8.683614210398161e-09
0.007831114783668696
8.616353545321485e-09
0.6566853341452863
5.365270049518931e-09
6.905036830319651e-09
2.2742315741590402e-09
1.9335631752921476e-08
6.4344718209021085e-09
0.9999999906648388
3.3431019323368037e-09
0.7441234814709108
0.112358805116858
0.2077438966912029
0.25035141349871176
0.999999993726252
0.8171690621904262
0.2539025068752805
3.0011693674079805e-09
0.8514480548130086
1.6579614332507955e-08
1.0615295506395479e-08
0.030527006224459332
0.6825243454527897
2.4544700727629944e-09
0.9357003315630605
0.09262639308532689
0.999999991016456
2.343700721267172e-08
0.9999978129555304
2.048456806731748e-08
1.7506331471919978e-09
7.402231067540092e-08
0.3850855930127605
0.7030103227253149
0.23449784323394976
3.002337224444308e-09
0.12823107108622023
8.363668648246072e-09
1.1038894388647512e-07
0.3421488902126892
0.15753122207433923
0.03323646810944229
0.39403738725254
0.06756816368727389
2.6197483991537612e-09
0.4491681470318036
5.226238710268688e-09
0.6605091417489224
6.849969989793682e-09
1.1435311350802665e-08
0.18724258584298112
0.3732199134958646
2.034955207060601e-07
3.3187088305437104e-07
0.6486577910158139
0.003918235499231061
0.19294970024269634
5.581026057178843e-09
5.920276399730115e-09
0.9999999825903518
4.657830026659105e-09
2.2590457053260793e-09
5.9378464409637316e-09
0.35940673064238254
6.042735254795063e-08
0.13539201742543885
6.051764938707697e-09
7.1548809920683565e-09
5.305715166724052e-08
0.6694703390671686
0.9999999670635618
4.844585650460883e-09
3.808665526150551e-08
3.1387608833700325e-09
0.9850666078461645
0.9999999937185705
0.7172169943193313
0.26097482949611944
6.400143155686586e-09
0.4594835100657518
0.9999969375383263
4.576421090047705e-09
1.8062074257567217e-09
0.4144122031392565
6.78443114440116e-08
3.567974751155375e-09
8.065626184439456e-09
7.464694789748987e-09
0.9999999856827695
0.9999999929732951
1.086201888685432e-08
7.835592689902425e-09
0.20604893199517832
0.9999999979961605
2.2372046526015284e-09
2.5318000277087385e-08
3.1554961013899808e-09
0.1256609091382714
1.4429942149424643e-08
0.8918920570780347
2.2590081512191213e-08
7.378340767862427e-08
0.8965391765820129
3.303163776209837e-09
0.798586230537942
1.2090422717461432e-08
6.644860296040493e-09
0.37808063925058655
7.18095836595362e-08
0.08357358842021957
0.8501506983760553
0.8772883228076257
2.4808822734571366e-09
0.06591913766012995
0.11914206635671162
0.0030265349866655652
4.5268659367897925e-09
6.650016040596054e-09
5.381299414112856e-09
3.126676241126886e-08
5.4852329204063905e-08
0.1603408911581369
0.5027404991581167
1.2651365068389686e-08
0.7353409158813579
0.7832221185888839
2.8963723704375116e-09
1.2418046762483557e-08
9.717032382916416e-09
0.9999999952074392
0.2789930453477616
1.5898500585311584e-08
0.9227775460796619
6.820651749375431e-09
2.8545079038931832e-08
2.184615733472456e-08
0.26479586007042577
0.015087350914130541
2.4766163031452812e-08
5.508863019173813e-09
8.593996776976216e-09
3.0758539039282814e-08
0.9999999827473165
0.9999999892771525
0.7564989775091294
3.180452565530388e-09
1.8989581521792752e-09
0.40790351210564507
0.4006400187724725
0.9999999961391807
2.81539026442197e-09
0.9999999687340425
8.540543325991453e-09
0.9999999965663173
2.1665468024236507e-08
1.1711664436829861e-08
0.5265894603621126
0.018351610700329115
3.283604431974481e-09
2.661436525702536e-08
0.11846402818284331
8.770603903078307e-09
0.7893464194924639
1.0751626588997296e-08
4.219156140256053e-09
8.904262340785105e-09
3.1482901395668724e-09
0.5442947565176234
2.289075176430182e-08
0.41068602825275174
0.8609904651178085
0.35759286289282327
2.4198578039351816e-08
6.507935534538008e-09
4.9398744484362394e-09
2.859410805574141e-07
4.185641211052696e-07
2.0736648276288415e-08
2.9206608925141747e-09
0.9999999919835855
1.3050137259020823e-07
0.07077531502386807
0.013711850269160912
0.21096505533240792
0.18928453305805792
0.6679338676310829
0.9999999939171648
0.00485450365452471
1.796646502762936e-08
0.9999999935045503
0.49844312528543183
0.9999999313014115
1.195437840486737e-08
1.6888122161559072e-08
0.8314180739294572
0.00023663339148003164
0.15897249479938827
1.2726746735442368e-07
0.842458313496219
7.935984258546369e-09
4.179405289364182e-09
2.5484454674067637e-09
0.3955188299030208
1.2133498280869149e-08
7.143099712959064e-09
7.573258078724345e-08
0.6101910343837144
0.4104920478113194
3.283434998735849e-09
1.4596692111534724e-08
6.902466261578689e-09
1.9585448361774393e-08
0.9999998780622473
0.3451240281710826
3.9253577984152215e-09
2.2496877582671524e-09
0.9999999368233584
0.0410962439222321
0.9999999978742774
0.2793939775353333
9.348077785029686e-09
0.3498437897326283
6.075725344340228e-08
0.8129027005160805
1.1784220025112155e-08
0.34838867117851535
6.058041189186197e-08
0.5166698049462114
2.1514325032784074e-08
3.7231351932402454e-09
0.2138134894750995
3.226772520081842e-09
0.41543221091467986
7.822800227493512e-09
0.07602111861419945
0.4671469737868561
1.4489511507200304e-07
0.44958783195892094
0.21946907508713817
8.411152630891784e-09
8.313727385227362e-09
1.7122947916415074e-08
0.05928853642188409
5.264995930110247e-09
0.5869927838981387
3.739499852725975e-09
3.307765011838476e-07
3.2500487488332402e-09
7.805468611846269e-09
1.1745760452461005e-07
1.515009694354175e-08
1.5937982505372137e-08
0.37874831870473313
0.139146328024783
0.39454638250568025
3.274442551458011e-09
4.8588519017348225e-09
6.851861917912895e-09
0.46813104223697233
0.20449907550733756
4.045476954412656e-09
0.22488646508631316
0.5255529762072033
4.822257500617482e-09
4.4182298328001426e-07
4.1246938593226735e-09
1.2370799292887403e-06
0.4971424825151507
0.6749188434023892
0.9999999918096736
1.8718968552888416e-07
1.0127327648507895e-08
1.8033977845293208e-08
1.6913057389329945e-08
0.00027385962198163465
1.706435777638445e-08
1.3410938738027756e-08
0.013810461611786352
3.200072902707511e-09
0.10425505519237076
0.2102403330858876
1.0458945554694542e-08
2.792895163952647e-07
2.961106410027353e-09
0.26867334477405774
1.0679376236148579e-08
2.7679396277491622e-09
2.0954944831369152e-09
0.9999999952283082
9.403457715349868e-08
0.4571813203525874
0.7126046396072683
3.2223474281589885e-08
6.726473597692316e-09
0.9999998500050588
3.47435036212685e-08
5.3282857506881025e-09
2.450015638604687e-08
4.996822533478279e-08
0.46028890404399336
5.673593227420934e-09
0.9999999946494171
1.9319746915433368e-08
0.9999999176788995
6.418961987370771e-09
5.597339616152038e-09
1.651256956901895e-08
0.8698299292695616
0.4257913953896826
1.31742021771413e-08
0.5134378292533908
9.812716395185553e-09
5.2517039713817184e-09
0.9999999926123245
0.6011215295339224
1.3223065083805158e-08
0.04126990450041562
0.999999985456157
1.378773322822102e-08
0.3867231697087713
0.9999999832504881
0.08537821447216279
0.9757084993362891
0.3585545373565732
4.370195069792212e-09
0.9999949849016426
0.999999995698928
0.14546858268167517
0.6119852229561266
1.6109281963524554e-08
7.071024711780869e-08
0.6248909579320318
1.376398878728987e-08
0.07220181656806622
1.5087028616808552e-08
4.1025096690597456e-09
1.9549032731753608e-08
0.3379170717960956
3.1480996015826436e-09
7.5436793677323e-09
0.0002234879474801953
0.9999999509607751
0.9999999984736558
5.4208123163729564e-08
0.9320318287794266
2.556288578290489e-09
1.3617502003712593e-08
0.704728223319874
0.2910353961763898
0.002479798100814124
0.2559242790390313
0.29331059677032567
0.9999999955127847
8.435750714272887e-09
0.9999999919450722
2.9169651079476253e-07
0.275719509556125
0.1916995551090983
8.56828819045843e-09
2.4026953126390593e-09
6.191018510876091e-09
6.045372534622881e-08
0.9991981029113686
4.4341897586233695e-07
1.1719850156037129e-08
0.9981823827085624
1.1985902440252305e-07
8.474986437995725e-09
0.9999999970908412
8.204820516239769e-08
0.9999999837259893
1.5723929818775903e-07
1.191464590856959e-08
0.009082873724288681
2.5471752994023575e-09
2.3546409000509218e-08
6.650078493041868e-09
0.1318125715105284
0.15291987148138725
0.536434810861038
7.142322409230934e-08
2.6371639446343764e-08
6.987556990487008e-09
0.6865903095064939
4.027483308160391e-09
3.541296230784584e-09
1.3828970374511169e-08
4.686344236597135e-09
0.9999999826011735
0.13491254819903148
2.8440731957629814e-08
0.9999999975005602
6.883275077149125e-09
0.629876849861265
6.786343081708425e-08
2.8703243771062147e-09
1.51085520075493e-08
0.9999999878393102
0.6997344871557628
3.122620936631288e-08
0.9999999910455227
8.735123634408834e-09
0.13171342978922335
3.674032179547561e-08
0.09994454131469427
6.464609964194128e-09
0.9999999947632147
4.353899711880608e-09
0.39083847802100946
0.22708642910841106
0.9999999817093432
3.9859215252958e-08
0.4246408747334403
0.42511371952599447
0.20715794613465016
0.9999999880570548
9.484630881612448e-07
2.3357106798131045e-08
1.949306212143861e-08
0.9999999940422623
4.074010321146024e-09
0.36355235953561
4.429922904579932e-08
0.4165598526873187
0.9156258746516807
0.9999999862642887
5.777818916233125e-07
0.054012176509736734
2.8596454078676946e-08
0.24733610033401787
0.8585510228519619
0.2268753815772057
1.9611222096705607e-08
1.7352999513047182e-09
6.3309117567960205e-09
0.5386627585527927
0.9999999665146062
2.0226689281505977e-08
4.039395961322956e-09
1.2165350111584377e-08
0.5834496254276507
0.38278375035509116
6.131808721873353e-09
7.536503265315965e-09
3.509058477901496e-07
3.171682938136673e-08
0.947424136202072
0.43871520818967913
7.998198328841353e-07
0.17081462579835865
5.253135753491229e-09
0.4531244989254431
0.9999999751348688
0.9999999930091422
2.8571169281378756e-08
0.3808130059848309
2.0943544032752096e-06
0.24736668165250858
0.9752291836527285
2.0394167570346737e-08
1.8875141918194403e-08
7.3740904878899e-09
4.420041006239083e-09
4.8228110359913685e-09
1.1788177087916352e-06
4.116763246334466e-08
9.227359853816769e-09
5.1037475235751275e-09
9.785834234797945e-08
4.702209818791361e-06
0.9999999913705817
0.5273981567361206
5.152063449861938e-09
0.999999994691058
3.0169312350169684e-09
0.08829705637533848
0.5452603255823716
0.1213992325796157
0.40394972874961127
0.9999999490594538
0.9694645435925916
0.37997565206199263
0.028383914756625613
0.6175211552747604
2.1553433972121921e-07
1.6675090041744736e-08
0.24184951833381219
1.8481691922218606e-07
4.336814374225827e-09
0.5708857674351779
9.184182175749902e-07
7.529337823297425e-09
0.5721667525617394
3.4875603168523885e-08
1.9465158268430018e-09
5.669839620903676e-09
0.9999999924229703
1.2477889649767119e-08
5.007578159787436e-09
3.641992870036383e-07
5.352131110052973e-09
2.458940854006634e-09
2.642033722455126e-07
0.5324622413971083
1.584662202869997e-08
0.3738955409842419
0.730619416189404
8.408246233093828e-09
7.241650326963215e-08
0.9999999946969502
0.2328983161993917
5.861379906823919e-08
1.4706798597935247e-08
0.9999997811859863
0.6151595508691649
4.081179419722615e-09
2.2843846608282965e-09
0.3537638350899626
0.9999999960655851
0.09261802225514112
4.230110458643162e-09
3.3238168653350675e-09
0.05087292742676907
0.03703551627398898
1.52234595477719e-08
0.02999821317489288
8.497218378849568e-09
1.1049985706888871e-08
2.4015214630131014e-09
0.49125721024554303
0.9999989287518528
0.7092521556952291
0.37102751629083286
4.4890750881551505e-09
4.665131683572669e-09
0.14029934835737762
0.9999999822625854
0.09840139796192922
5.1002888604299506e-09
0.5247905553641316
0.30222808740562235
8.170544218657516e-09
0.9999999930152494
5.066244749822713e-08
0.9999999943172168
0.574023275763483
3.462119907879206e-09
0.9999993215618925
0.999999990357847
1.2032229934950555e-08
0.4195752410477824
1.9707702054204065e-09
0.053415754168401046
3.3396553318590062e-09
0.9999999804254893
4.943160365676169e-07
2.860492851364309e-08
6.239057078675143e-09
0.8149971714141597
2.477674535444537e-09
0.9999999224407211
0.9999999963396587
0.3699574989898985
1.2221345846856531e-08
9.248580488202526e-09
0.6151658025006996
0.3182689166205646
0.7159151430351306
1.1113921227917387e-05
4.112801158222472e-09
0.9999999372294806
3.709014126138815e-08
0.13331437557645345
4.038034823218086e-09
4.351637372555403e-09
0.9999999555949363
0.03448598267472337
0.05439850761120064
0.4471612292490986
0.008503019529790901
0.6617512252009201
1.426612234056529e-08
0.39297600275184397
4.395146136789581e-06
0.9999999977044638
4.285018863264981e-09
6.411983375780746e-08
3.4229486889942264e-08
0.43191291322747916
4.787534919256831e-08
0.285520914045044
0.7026067829030048
3.0309688519304496e-08
0.062196091935730495
6.994405848673146e-09
3.0958326621849495e-09
0.061766422260707624
1.577332022915705e-08
1.8020761648364982e-08
0.13525925248885012
1.665555629421268e-08
4.101326422222222e-09
1.4881317576539372e-08
1.2771986958535568e-08
1.0443074685013405e-08
0.716657123229705
6.112541220975002e-09
2.9467025533047695e-09
0.17467332625250012
6.7741249136545575e-06
7.3186999781637e-09
0.9999999928423683
0.9999999955333758
5.5328404655055074e-08
0.35006329821974436
4.49342193245833e-09
1.3070829824308241e-09
1.7868920510358193e-08
1.7808641121958542e-08
0.7679218835123026
4.8824233782010765e-09
7.404031066488835e-09
0.8604629543373836
0.6525891582493166
6.531715113682848e-09
6.0000871817693145e-09
7.288633395316015e-09
0.25537886234956103
0.7431565984319617
0.04445654370163092
0.5997449576441657
0.7647285234096057
7.479077548316066e-08
1.1643149398588497e-08
0.3201082189334531
1.76409021413065e-08
0.27882497771038656
1.3270769420761751e-08
6.5736893057583046e-09
0.9999999907834536
1.6580225607183735e-08
0.0641594881389002
4.1851740315052655e-09
0.2248879450690602
3.6166893340041786e-09
0.9999999657228426
3.4132362086949228e-09
1.385822606492995e-07
0.9999999814194741
0.9999999853234015
9.169919452384936e-08
1.8409451797265598e-07
6.847405670298932e-08
6.16266061644468e-09
0.4275061041548877
0.48052276030430574
0.6233608232239504
0.9999999857296799
1.5905138828754774e-08
0.29700827453938067
7.452737216376422e-09
0.6044267191865411
0.7111484706772414
0.999999970987894
2.9948356220985923e-09
0.9999999962794721
2.0323438773237425e-08
2.6665523152849233e-09
0.6332630011298248
7.19979583160514e-08
0.9999999957284532
0.7626605160960009
0.30964970926502333
0.2642044908443703
0.9084284926786258
0.9999999871815394
5.037582006677571e-08
0.03052264651936969
3.244097052332159e-08
0.04236024392757314
1.581181880642683e-08
1.3161200047791704e-08
7.640792557670942e-08
3.8358401118836285e-08
8.681202858847148e-09
9.994236132602678e-09
0.017483039322110826
6.311075975366784e-08
4.810014623900574e-09
4.692967143743277e-09
3.3207462278354984e-09
4.5863709057550665e-09
2.0763617109456324e-08
4.269871314261172e-09
0.0017701863239680028
0.9999999243977264
2.4953658119913823e-09
9.93477200340867e-09
3.1991779022574705e-05
1.0862638798915268e-08
1.3415188023436679e-08
0.3743518636987552
0.1394497392402835
0.7871575976717755
6.073706505011412e-09
7.135593713882113e-09
0.9999727367355368
2.5551443918268315e-09
1.9838747102499283e-08
0.8176834827062498
0.6658174124713202
0.1116877830267306
0.9999999734480638
0.03987383460067465
0.15570470959314991
2.1673466569019716e-07
0.999999963046593
0.9999999138525058
0.2810144889153578
1.8998330352905873e-08
7.021840669421524e-06
1.6898732955161215e-08
0.6547874375166313
0.2917555090149074
2.4793423451453346e-08
0.18944593623929656
2.8000400781343252e-06
0.9997542668380742
6.174923509759354e-07
0.047254281702620506
0.2609069691341177
0.06200973030405054
0.8392594746693621
1.4744176190167224e-08
0.5188208328256415
2.200332837572848e-09
1.9488087779874144e-08
4.646440923392861e-09
0.7993799752637012
5.108384288725216e-09
0.12686167737483137
2.4453906098476105e-08
4.2826038544528295e-09
2.079446975255091e-08
1.622034701358575e-08
5.466424669284382e-09
5.0647532999214885e-05
0.8784149568904889
1.601533526911654e-08
0.9999999715373243
0.5900390495742289
9.176586127087935e-08
2.6042702547308024e-08
4.241320056430292e-09
0.3033809577831011
0.0015568858952625124
0.3787107696515065
4.7274658986063514e-08
0.8460007159848737
1.3060340693387896e-08
0.8678005747102218
1.173856650213528e-08
8.56870413147389e-09
4.506196274754124e-08
0.2260336056843707
0.9999999655528191
0.3550081836758799
0.002663379050799591
0.0023435396605545732
0.9999999902720619
2.587294422617425e-09
8.42536605627974e-09
8.456207733448122e-08
1.6965859505999834e-09
0.2582653795230688
9.355085504136357e-09
1.5534484916938564e-08
2.148771598255489e-07
2.2289809205709073e-08
0.017952890415409463
0.7182237161920114
6.775087612749951e-08
0.39784441145751925
0.9999999965640942
1.188544517725187e-08
6.9626892153313676e-06
0.2739457900358058
0.03978020006318767
2.310518876411635e-09
0.9228666765564238
0.09224634148484642
3.5598514887954105e-08
0.45194419509825223
0.8562786984898031
2.852213387894796e-09
0.6191764836922494
4.240907281115404e-09
3.175550205328483e-08
0.5216512598034632
5.456078191710068e-09
0.44850089565315765
7.6485414455024e-09
0.2763094692756587
0.5477805896326963
6.477936209226521e-08
0.00042894547420273293
0.9999999826332893
0.37438832465216487
4.035981009036821e-09
3.008449141769563e-09
0.4336485748482262
4.457585182775181e-09
4.618589392433071e-09
6.2706539579102e-08
7.514856332642691e-09
2.591818681540721e-08
0.23224698170484515
0.4787616416350533
0.0007804501541466453
1.4491207700275452e-08
1.569390331699003e-08
0.14549947993129594
0.9999999840695578
0.9429895796028672
4.510649694006148e-09
0.05860080303950994
6.080656568565736e-08
0.7007828911738239
0.3268015771241949
0.18687761624789875
1.3933041449217738e-08
4.678881624552805e-09
1.5309542919695578e-09
0.999999998060307
1.8082535955339377e-07
5.85234089667809e-09
0.9974793517793038
2.0668753907471155e-09
0.7946929820879602
7.4226791540236505e-09
1.753584305217704e-09
0.9999999654661892
1.0777048701218288e-08
0.4329294356713629
4.406888048844228e-08
0.35545861432713666
0.3609216505307201
3.4144367683274366e-08
2.7238410184394423e-09
1.3118411528537517e-08
9.89106597588102e-09
6.441866895616486e-08
0.9999999453827382
0.5337680137910085
0.5083862815451375
8.694279440747299e-06
1.4569553535999844e-08
0.999999993830158
0.4413374637375192
0.5825738534498722
2.143069781689352e-09
0.13524080721725837
5.4100111038023685e-09
1.529188049089458e-08
2.816403991843052e-08
0.6236971755035814
6.375577691668084e-08
1.7641471659847533e-08
0.4204511713657684
1.944153717563016e-09
0.020692320521963264
1.0365276861095955e-08
2.435803431066323e-07
6.564586735204023e-08
8.464751122346655e-09
3.4988857694692777e-09
0.17825622771830413
0.17104424414963412
6.638033114201002e-09
0.9999999784852297
1.6150724998297311e-09
0.16896724659490592
0.9999999797269635
0.049816256799998106
0.16819782767896796
0.9999999976375848
6.749730883131627e-09
8.072352938525493e-09
0.9999999803923826
4.729289594967959e-09
0.42726921624066505
3.41083426256219e-07
6.394465487633663e-09
0.420427846471319
5.81931246913121e-08
3.4643330829455354e-09
0.047674070054694755
3.121301497042609e-09
2.57935991183145e-08
0.9999999965787226
2.4862906745729285e-08
6.680230522522163e-08
0.20200444487858332
7.204461769022186e-09
7.901728632254202e-09
0.11305546002549574
0.9999999924821639
1.2634768922652701e-08
3.1327635487407785e-09
2.160613107712922e-09
1.0893898441105195e-07
6.213881884047946e-09
0.9999999944874751
0.6652405272559564
1.1270400875860391e-08
6.875078191693731e-09
0.01134647705993397
5.054294126432785e-09
0.6800369936887969
0.9999999974004102
4.772505200027084e-09
3.852157943844848e-08
0.7885326628842582
4.998061651941907e-08
3.0639722133005626e-09
2.417913749404193e-08
0.5902204848599852
0.9999999885292226
3.883868754597596e-08
1.2111049185463471e-08
0.04146537383641389
0.3220156425850865
3.8158494379645436e-08
0.26890115362429323
0.11062154545019177
0.7547228929992524
0.31066875483651973
2.351115740995591e-09
0.016261305359550907
2.4263023181361137e-08
0.19975389488534037
3.391055555780243e-08
0.548387197722354
0.9999999957978472
0.4600134947205753
0.4825212441933002
0.3351069582658777
0.6524706885463616
0.9999999896764955
0.015790280451450818
6.558212001315994e-09
1.0508675799527047e-08
0.027164928022354137
0.9999999973884852
1.2406644073413124e-07
4.524021955613843e-08
3.6944865719474333e-09
0.00027277342701949656
6.138776583588593e-08
2.0422042960434343e-08
2.3987098451112036e-09
0.9999999937546317
0.023170366466647656
0.9999999723371032
8.11942898867195e-08
9.531746493789165e-09
0.9999999497513058
3.3664806155831033e-07
0.9999999929260409
4.89042109751117e-09
2.6718584494079082e-08
9.14258970240268e-09
0.9999999792193371
0.3305475930412756
4.61320123427924e-08
1.1934993980672593e-08
0.7066961403208196
0.29970855076784536
0.9090338880709096
5.246405150026428e-08
7.14692959516771e-07
0.9999999982310701
0.30192983503128035
0.9999999925325699
0.21956277881980443
3.7035867916552215e-09
8.871850804204813e-09
0.9999999883210581
0.9999999594138271
3.6444125869915416e-09
0.08631086724865701
3.379075614360859e-09
0.9999999917365381
2.24093639709564e-07
0.04462615950525434
5.4846691037987e-07
1.3645778455580063e-07
0.22934893642653287
4.111466008474831e-09
0.6912120126101512
0.9999999926831113
0.6349352057487639
3.3821076858972175e-09
0.7662659998808533
0.12086567460471649
1.71689034270834e-08
0.9999999856743919
2.4315193558925974e-09
1.0587262142316512e-08
0.9999999837689145
0.3049121658249157
0.41156165386147475
2.956732953605209e-09
0.7313263904797127
2.5327987847782313e-09
0.593812276058124
0.40427100993262266
0.11814492285010346
2.612058272982306e-07
0.2340517976575604
0.30661333863623685
0.617593410877325
0.07841645537736702
0.39272116541779717
1.9085162990147907e-09
0.29446061051689376
2.5031191387779047e-08
1.6224706215858673e-09
0.41785181167520935
9.808538176567378e-08
7.087710996850747e-09
9.362565806988685e-09
0.011692921349353461
6.07779464750942e-08
3.084370553912958e-09
1.3420228386104908e-08
1.7357011868173745e-09
6.302728344925635e-07
3.722946853983951e-08
7.1147205344101425e-09
1.610697944501954e-08
4.815319563245178e-09
0.5931369708581965
0.47766000751264853
7.213223344548802e-09
0.7050530412634908
4.339888259759176e-08
0.9999999872918208
9.338967004417184e-08
0.665344917904412
0.6336508440638708
0.15026778629210072
0.4746010146656494
3.748138502197127e-09
4.053632044998667e-07
0.6958501009039543
8.586174617893225e-09
1.1212364203388105e-08
1.5895025296762865e-06
1.2804468820525364e-08
2.8489887699539004e-08
8.6684880396288e-09
3.106234133269784e-09
5.997741583404041e-09
2.162376364423045e-07
8.298145452344513e-09
1.6207846802627277e-08
0.8311039959574232
7.220928645935195e-08
0.016854555657689594
7.699595670511962e-09
5.087241068582609e-09
4.6604373999630944e-08
4.567818559603358e-09
4.894414989145514e-09
0.1594697785998268
0.9999999957356437
0.5497047587527741
8.201755671230089e-08
0.7988031159778638
0.22117227624109065
1.0452834574498802e-06
0.9999999869939546
0.42714757197480163
0.18927863397368294
0.28855164795387933
5.548534934104791e-09
3.071652078768681e-09
5.5342731352115256e-09
9.79144086345999e-09
7.697427670469278e-09
3.2326248105670504e-08
0.28682571552423697
2.203574874506247e-08
0.999999993255123
5.067084765659912e-09
2.005725101545586e-08
2.9675354583203733e-09
0.5121300943720767
0.2505698711130454
2.9750319245614652e-09
1.19664008364829e-06
1.31353640586273e-08
4.224473018351605e-09
2.4044394542800304e-09
1.19612699417286e-08
1.64918535702538e-08
2.3658708050698896e-08
0.25274730147558655
0.9999999953563691
0.5903669407564113
7.73263239332598e-09
5.425133232788691e-09
0.9999996129636566
0.6610189024401454
0.9999999342582993
0.7244442279179298
0.9999999971146157
4.593849706212957e-09
0.9999999809574142
2.0103095957772604e-08
0.7394746242117013
1.907901353442884e-08
0.6998338630682025
4.867279516395962e-09
0.9999999919966162
0.20637610003309942
3.707269417474364e-08
9.201539994927446e-09
0.5686575109063923
9.285006639346539e-09
0.9093488330383607
0.5798566760102293
3.2910219178867776e-09
2.907675875647857e-09
0.3908859004983647
0.0010253492656983566
0.9999999919274255
2.812811566444838e-09
1.215060501639295e-08
0.9207703460261711
3.774627212316118e-09
0.5300382332414018
0.04157271750407951
0.5220648452761973
0.4716864737605892
4.146488805139402e-08
4.043673251116674e-09
7.940046344522722e-09
6.104978755586611e-09
0.9999999972741253
7.554647262528454e-09
1.3761997593004334e-08
0.7516868397013712
0.999999954573537
0.37530516775327627
4.85255003184219e-09
1.438655011449684e-08
1.3169330019729108e-08
0.9999999895094951
0.2045326093810118
0.9999999887291807
3.883010462752698e-09
0.4390308289826665
1.3149188962119176e-08
0.8832595455952856
8.441165400767187e-05
3.438085607631908e-09
0.26978568062606306
5.112899034552586e-09
0.04451866916096685
0.07813305743478208
0.30591984999265337
5.483512224512195e-09
0.02090437188799573
4.466189881641294e-09
0.26161273113162653
0.8759772441750264
3.377772963171226e-09
3.989792290466196e-08
0.2583850258869822
2.640647718246597e-09
0.9051635123661353
6.33019031180158e-09
1.032171000717086e-08
7.2092303345831e-08
5.6418999346163506e-08
0.3490502752031619
2.976002283493738e-09
1.611865470968793e-08
1.2499397242522298e-05
3.0869295225516695e-09
7.47776225198927e-09
1.7547482151768733e-09
1.5520411610383057e-08
0.9999999742225449
1.1313328282404307e-08
0.9999999894262174
1.0951803502575731e-08
0.9999999549570896
6.158700873282103e-09
3.893003626595499e-08
0.8186049887636476
5.952902161591857e-07
1.64566532185118e-08
0.8243071136889338
8.64229058717643e-09
0.9999999900149928
7.168731351066679e-09
0.37260142646050026
1.1759439347099838e-07
3.817660537082487e-09
4.808783959181271e-09
0.4006756272967045
0.010821623217650279
0.14745224890401581
8.339941774788035e-09
0.2866083063654684
9.549594568268787e-09
1.0279236814173968e-08
3.126473296248962e-09
0.9153442777765196
7.453615792691054e-09
2.4327779355071398e-08
2.0035604033720872e-08
3.3658427998819197e-08
0.15766096633304452
0.99999993128439
3.6431705444411036e-07
0.7247611114545435
0.6899073002777534
0.23409538910001487
0.01097037960756138
3.9765198757426545e-09
1.704554113977597e-08
0.9999999828836913
4.894115932454439e-09
0.960077574182399
0.482597303394718
0.8118694571393538
5.3936195341704235e-08
8.856269515461766e-09
5.958251170373259e-09
0.29340467719571023
0.9999999978718775
0.8756963063028513
3.876998021273461e-08
0.954161141124718
0.10837957066902684
0.08826998228036244
0.2492923561149132
0.04841222497051943
1.8258938444263045e-07
3.6097757276472357e-08
0.9999999889730538
9.633840752569547e-09
7.537715441267414e-08
1.9231990371422213e-08
0.24458875865540616
1.6909882112148482e-09
0.5016494987835267
9.031558253935651e-09
4.72333299002139e-09
1.914107454135506e-08
0.43410535887816976
5.314318697059543e-06
1.2152738806892753e-06
2.7766393270495685e-09
0.9999998572021943
5.956221853146681e-09
0.5173756688371858
6.124760613182089e-09
9.34093324373427e-09
5.429009587662192e-09
1.9306588176507233e-06
0.2742781035091098
0.2916097961824596
0.9999999892675842
2.069194594126444e-09
5.6903415995667366e-09
8.91088565854618e-08
1.6941961393555123e-08
0.7640102007069763
3.54686109732466e-08
1.4987791663046765e-08
0.2828175009702686
3.3874085451290774e-09
3.794808721803073e-09
1.1048823718477104e-08
0.0887321685887351
2.4122168394485346e-09
1.2596130792153324e-08
0.9999999774723527
0.13987696741119987
4.2283497459971106e-09
0.3977535098651468
2.5590872165251843e-08
0.999999997243649
3.402358435032595e-09
0.6690041693287401
2.6794924113493867e-08
0.1404582387220674
3.018463710349627e-09
0.3235743591785156
0.5294553046869325
0.21062331528241707
0.1030362452284896
3.112010130140029e-07
0.6957808633223627
8.766617181132365e-09
0.9687952419813579
0.15991344385551523
3.3042737932131164e-08
2.1296012879571167e-08
1.6772003723057986e-09
1.939243662374087e-08
1.8341028044151646e-08
0.33044044315317034
4.12194744587529e-09
2.745543684080733e-08
2.2154961309488833e-09
1.3659470021047845e-08
0.9999999971469907
0.1812425336879208
1.618925499108349e-08
4.651624864229704e-08
2.4472641207365557e-05
0.5178163850610263
1.8424975064080782e-08
2.216408732067115e-09
3.635264789335809e-07
2.23174736388558e-08
2.1546442701805786e-07
0.23884780391248125
7.507043070920017e-09
0.6720226507431656
0.25538732591303726
0.014553813972982589
2.6768271138949176e-08
0.17541482382271223
0.9999999979203369
0.1283407898965899
1.6832120765116848e-08
2.9067539067064986e-08
2.8173560705778533e-08
8.20889005423318e-09
4.201553542061916e-08
0.8086896197670234
2.8236252786377412e-09
0.10806740402359517
5.19804290569302e-09
0.09927880529341315
9.154393582926953e-09
0.6592714797105007
1.2029895122631646e-08
0.43944803431081053
1.4969015520374626e-08
5.605404368144982e-07
0.19186391779526624
0.3381335480626018
0.9999999886670002
2.1720999235341168e-09
9.645922188737393e-09
0.3819073117072804
6.323890338933894e-08
0.0022617261046379697
0.5215717483251655
0.9999999762154111
0.6439970898127226
0.11280240362530257
2.7775062395930913e-09
0.9999999955361707
2.2193806279901723e-09
2.3724166332707892e-08
0.7573170148907288
0.684063081334481
4.1006553318341694e-08
5.613768190591334e-08
0.560730623174377
0.9999999788722006
0.9999999953100654
0.9999999970576852
0.9999999872841847
0.23986214513596474
0.6187768592451042
9.743416808656482e-09
0.8211542103124813
0.6461347112270017
0.9999999860431905
1.5484645009306936e-09
3.5106330554960817e-07
0.2461103387463507
2.326610941357171e-07
0.9999999889078277
0.4118680157164837
0.621801428232323
0.18126275467264405
3.3013889245037433e-09
3.5976800684257632e-09
0.14789359233097374
4.30397172925793e-09
9.209590914414631e-09
4.180074227550924e-09
2.389067650256536e-08
4.977621527015159e-09
0.5849409045522892
3.3311344642643124e-09
2.751330798101476e-08
1.2101564664372716e-08
0.2572506895438866
9.146449072030016e-09
1.222252803267333e-07
0.2678115177273093
0.5793858601247728
5.9609944231320565e-09
2.1777082693150645e-09
1.1742275990279546e-08
5.338930915781133e-08
0.034438540616071524
0.43070940380006983
4.79734627011304e-09
2.0993141182975147e-09
0.04492095146609596
1.6962582654241446e-08
3.0600016009370713e-08
0.9999999961472293
0.2541897175562699
0.9999999748032785
3.7710404071880905e-08
2.4800764372502772e-08
1.6092975657718016e-08
0.7641014448130409
5.160815870900841e-09
0.7172651122986846
2.458916384811863e-07
0.3854923464501345
3.4165561190333622e-09
0.31392196252297966
5.624139036160818e-09
2.5420996684098236e-09
3.525676196728676e-09
0.8383672441831341
0.9999999875555607
5.687976110533412e-08
9.967069779221011e-08
5.178747883349385e-08
1.1423429194788475e-08
2.1808672756400097e-07
1.3054293714429372e-08
0.6558983054749934
3.2026042409616964e-05
0.7203789468040718
0.5947612418406397
0.9999999891388651
1.1151351527705691e-08
2.4483307788788156e-08
3.080560005149967e-09
0.7771711276845752
1.2242524687323081e-08
0.18376026161086745
0.3649991765887948
0.10542048824667545
2.994786685659906e-07
9.781937005756908e-09
9.57090124034156e-09
0.9999999733511696
0.43001887440543807
3.276285625945928e-08
3.1484805308359115e-09
0.8000798656179058
0.8439921460413112
4.974052008869978e-09
1.7067530495973432e-08
1.4727682879153847e-08
2.9307659781463425e-09
7.893680298674317e-09
8.634431378966451e-09
1.855838780964974e-08
6.1027198352867574e-09
4.126374409847543e-09
0.8072810246022969
9.016052661661277e-09
0.6480643542086837
1.754346290043052e-08
7.30924213845425e-08
3.243248009241294e-08
0.16748480052634254
3.226631225001111e-08
0.6856418376414437
2.8418335633171946e-08
0.07654285079690405
7.752236282936675e-09
0.8151482538975289
0.13981959153844353
0.9999999984081969
7.209117033351189e-08
6.566019626367645e-09
0.3407536094555754
3.6145832645228344e-09
0.999999983485456
0.05831983256011312
0.7454819818387435
1.6597860798465818e-08
7.271546126548006e-09
0.004904340724400276
0.9999995615888329
7.93275294199868e-09
0.023815719649081198
0.10954983477008677
3.9488362854409465e-09
1.5165947076978835e-08
5.219907512858197e-09
0.22705712674831083
2.0282240126931645e-09
0.030649226092487707
0.37323218977304057
0.9999999943799365
1.59353942619928e-08
0.30443317710222284
0.9999985723599503
0.1909974842242747
0.9999999789493969
0.9999999452018027
8.705336669211882e-08
0.27292875102856395
7.222705057411863e-08
0.7105787295744825
5.098966119124171e-09
0.4201755389218657
4.483520301650331e-09
6.212695596638122e-09
9.659765037352394e-08
1.9286615861550355e-09
1.665733632681619e-08
7.826883027069446e-09
0.41782492582355585
4.773413683754336e-09
4.401080800027996e-09
0.6812362944874776
1.7212757764918285e-09
0.5897438293568213
0.07603184927703378
1.5475237795041983e-08
0.6973300551540532
4.232220655250022e-09
0.11182045325722427
8.852423041546592e-09
0.40396810140278533
5.5794587553810586e-09
6.565413802348396e-08
3.302593606608547e-09
7.622297074400225e-09
0.2118028160741971
3.0394039349307897e-09
1.8103824386341546e-08
0.24817541982552346
0.8789442264858343
8.446511028555114e-09
1.1170961361084346e-08
1.5959780680157866e-08
6.160088362992072e-09
0.4430279928494313
5.449512843175508e-09
1.0267042358063947e-08
1.8244198128971346e-08
1.5499845590109912e-07
0.44746187587211533
0.057985127817236026
0.03116754901795135
0.8538123828069933
0.999053890960922
8.191844882655626e-09
3.0048823064710014e-07
0.9999999083844341
0.7480851978623494
6.845218222275149e-08
2.0020646858108923e-08
1.7147302542385841e-09
3.9493689002914915e-09
4.86222475223612e-09
6.043552154447799e-08
4.792995408772544e-08
0.11378879018561051
9.858689595428124e-08
1.7846520209765225e-08
7.582925975225917e-07
1.6210633028543927e-07
0.3670564085524879
0.26717704049904045
0.11736350996178513
1.2530228179993652e-07
0.2112927010421883
0.1744858931422409
5.176007162116028e-09
4.618948037431514e-08
0.999999993822639
0.8671050672436555
0.14944659625372025
1.5761387491555162e-08
0.7825738514677932
7.749932504620422e-09
5.601956303749081e-09
0.006737506243197484
0.13684151123095886
0.5107184119329766
2.698399242285856e-09
4.041399126053853e-07
1.496157476751456e-06
1.7674327238992915e-08
0.2978415826315733
0.9999999727662056
5.226756736130907e-09
0.17000351099762395
1.0053888481348865e-08
4.9994079557452e-09
5.646108676040723e-09
1.8068298915031494e-08
0.20192987289159495
2.4732829190831594e-09
1.224556917896342e-08
0.6765240556123193
0.2600104358836342
4.868056896609533e-09
0.9999979426969233
0.30142281867291626
0.272614611324094
6.180109495703215e-08
0.4590705612677712
0.999999995190243
0.8306885961190029
7.938738602344654e-09
1.3735790695676045e-08
1.63615916674395e-09
3.859876176284123e-09
0.2663080685003345
5.13758374546085e-08
2.6735242947585144e-08
5.986986496164269e-09
0.6765466439680204
0.9999999933357533
0.9999999840248777
0.7925100170448227
7.855985452549858e-09
3.750321402572171e-09
0.36278071795726163
0.9999999951144432
1.5581941144811927e-08
5.027389292064883e-09
0.4300588110099375
0.6706815399137306
0.9999999738487266
1.467448474225604e-07
0.8580390165072234
7.514554096910628e-09
3.2782378100213566e-09
1.0807111910222164e-08
1.0214809921654912e-07
0.9999999960785287
2.478622078380228e-08
7.802282862138716e-09
2.297827153604787e-09
3.098423291791061e-09
1.8286253686819575e-07
0.7315747456080199
3.183274362204664e-09
9.547853436828346e-09
1.2333769443702063e-07
0.4958750430309431
0.07858874221363614
0.9999999956478131
4.587397828773538e-09
1.872360489626657e-09
0.5542668784567614
0.22127077974065912
3.636022916348583e-08
0.0007778407028277411
2.2131386501890816e-09
1.3942837697722973e-08
1.437623379174313e-09
1.3014402864347631e-09
0.9999999859182053
3.764934163506021e-09
6.137953550809828e-08
0.3551069439348199
0.35715978604166787
4.830766098559604e-08
5.0869597249782885e-09
0.0001346054171179371
3.4710681298883495e-09
3.626629373771436e-08
0.6218687629185214
4.915561983654048e-09
0.06127292384602988
0.9999999973635957
2.0704059643265516e-07
8.023162520395012e-09
8.114490977560814e-09
0.4836645636848354
4.221875821172303e-09
3.911936284433202e-08
0.14066525720712758
4.243931549680158e-09
0.9999999661530171
0.22052459219197498
0.6789411884004642
0.06671844241096947
0.9999999974036173
7.429219021138656e-08
0.1310947982971764
0.9999998825368763
5.435358209950098e-08
0.9999997294551102
3.708234532026322e-09
0.8836040096603818
2.0859566129466915e-08
9.969406536464552e-09
0.30935004810363104
3.967898184425181e-08
0.2568262914061039
0.4718899263020156
5.878552068385259e-09
0.8393575180937843
0.35158410412079766
0.9117431633035681
5.424351890318332e-09
0.09541036540341812
0.060374939126357545
1.3823682941500196e-08
0.6052341718432673
0.2658257920083734
7.732762805368309e-09
1.3438762357601699e-08
3.591081808342876e-09
3.122808735507705e-08
8.814977027564043e-09
7.807525366705824e-09
4.234075734366481e-09
8.514749474660933e-09
0.1914884434573201
0.15070438291528332
0.07334308018292406
1.5279539300531505e-08
2.6311517034257178e-08
0.048237955116246574
0.2349008675380716
0.9999999887242165
0.6917353308937444
0.24243819197600533
2.3486881539751985e-08
7.259848878971014e-09
0.9999999915290954
0.6727748440728302
0.7296831967881482
5.136145013959533e-09
0.25269555954620493
9.473351485597356e-09
8.815255721057425e-09
1.0374721202609704e-08
0.04863616178174772
5.878124624320085e-09
1.6002777391106978e-08
0.3470244627189557
5.593561512777658e-07
1.5097070984116e-08
4.869850765626877e-09
6.38168459007899e-07
0.20662216471014136
5.064582734064929e-09
3.124919866157749e-08
1.259128639587712e-08
0.5054040878587478
0.03682554135024725
4.274107734630733e-09
0.9999999891224328
0.7284777540838052
0.32838456797306165
0.5074057962932211
1.2345644531446688e-08
0.6060120905925469
0.4805793076404714
7.603355330658969e-09
2.6645582610119184e-09
0.9999999965448164
0.3154178676755241
1.0621205089860741e-07
0.7123801040276999
4.008995021688622e-09
0.9999999971739879
0.022113379912976287
5.416805698610843e-09
6.284620133035793e-08
7.039730513366781e-09
0.0741641666986267
1.3727267845303638e-07
0.9999999735005828
0.20536377030473837
0.12559206521844127
0.8895777224121894
0.2751456291861178
6.314139980103996e-08
7.3784733922841936e-09
3.538960984806727e-09
6.6417599479517705e-09
0.1843617574427361
0.5749846669646965
1.246388916672236e-09
0.9999999592007425
0.21241205214914458
7.590119792080815e-09
9.535323168068042e-09
1.2716873421523478e-07
0.43027331158821736
0.9999999974043483
0.9999999983607417
3.466216615733858e-09
3.915292904823404e-09
0.999999995559007
1.024085988719932e-08
5.174082469975088e-09
0.999999988796715
2.0181307676949832e-07
0.9999999947467858
9.44887607113126e-09
1.1233716845724133e-08
1.1330422342973477e-08
1.1074155374391468e-08
0.7565044296501167
0.013678015526885653
9.578902800117823e-09
0.6490317380412054
3.1253068260295942e-09
0.02194226259492229
0.7378502906786291
7.038680868188726e-09
3.4984627452303368e-09
0.4826649390823167
1.3492858174340253e-08
5.124297782251692e-08
0.06193378817294862
0.4372280842047214
0.9999999910783751
0.9999999745095803
6.395876200481363e-09
3.9007768554279907e-07
0.46405237927626986
1.873174671313964e-08
4.9988762581405515e-08
7.55087260230338e-08
2.6947793334474786e-08
0.005881485714379066
0.8932145806408384
0.30078543514101425
8.720333994006584e-09
0.0667218087873104
0.20513430356700885
7.253153232692711e-09
0.43941156109837565
1.7831387728883918e-08
0.21985631419657597
7.421003645750913e-09
0.9941893181578497
6.943748208854592e-09
3.2581515816859676e-08
0.6682443593162803
4.7834594638648124e-09
2.3056794407312326e-08
0.6712646135506531
0.32947993813278814
9.658722128643843e-08
0.3555535579930984
4.914248792837412e-07
2.371696204192837e-09
4.573560624437527e-09
0.23288315351560485
0.8550538487461399
3.7374800744334965e-09
0.2618580356875202
7.3509858483572255e-09
0.8517209818022603
1.8571213474169326e-09
2.7773872977871195e-08
2.9470372661432537e-09
8.542454368325772e-08
7.005861279058318e-09
7.478851537412024e-09
0.8947719216400756
0.1100652802996823
8.127325128538538e-09
5.892084394025761e-08
0.5370285053502566
0.9403006560653093
0.28728084740644466
2.4311322591453026e-09
2.1975203672449197e-09
2.7438915511966824e-09
0.286008354050766
0.12385352734390974
9.65789915000223e-09
0.11585154407604503
0.6867222179017265
1.1930707267952532e-08
0.05355383388713268
9.097268182257249e-08
0.43644957460666234
1.6976282870873017e-07
4.8014983632507204e-08
7.378968290211931e-09
9.044269294283207e-09
0.24111041088321908
0.06557982728319772
1.1910453586563226e-08
0.30054602022423654
1.4765586492000295e-08
5.297250032275647e-09
1.7006904784491943e-08
0.17419008267825128
6.199802086588318e-09
0.07502687623939881
0.6700166445925378
0.10746280984518697
0.3193094418514078
0.4819468120051014
1.2751434553004953e-08
0.9391402971865077
1.4395119694905482e-08
0.28913769232787295
0.5463465354431192
1.7048001528188797e-09
0.5568523070949342
4.638269993034274e-09
1.1058614340634041e-08
0.47064300063012493
4.506479219673894e-09
1.4409168960868722e-08
1.1873307269170668e-08
0.799795742417965
7.943748941422971e-09
2.4834937078204266e-08
0.9999999897320039
3.913065268113934e-09
0.5174211199480193
0.27684900834525544
0.3394571598861904
1.3149610246357792e-08
0.999999991771113
6.5433559815768196e-09
0.1097464343837728
0.6118036429643187
5.1234738323176565e-08
0.9999999933674524
9.712922739007994e-08
3.8436859014167897e-08
0.5355728013311285
0.46869599043455973
4.234886521802859e-09
0.0883592345534941
0.21823525931692336
3.842782588664013e-08
0.5157405367724005
4.079865616214222e-09
0.27449155335584446
3.15650763764193e-09
3.03549764738951e-09
1.3027620104728944e-08
1.0497782834137968e-08
0.5971630241370058
3.961124847794552e-07
4.225298655010425e-09
1.3337820275524396e-08
2.1137357972653982e-08
0.21330347338680852
4.5535794357007234e-08
0.5893787702385427
0.36248618509992886
0.5529891498790229
0.8397508151324377
0.6626064832531977
0.5306474196425587
5.2456572010742506e-09
1.694070903162176e-08
2.1949485186435237e-08
4.8366623102831384e-09
8.12644281167984e-09
0.3639484381968539
1.4202847261294139e-08
5.099730187469017e-08
5.823888671665438e-09
5.213634626405119e-09
0.999999994763465
0.9999999939110172
0.9999999974351188
3.0334633524915505e-09
3.631011874548997e-08
1.0382507668917284e-08
0.06949618864033405
0.4505571195339519
0.9999999857651594
2.6468081194903196e-07
2.6560217585852287e-08
8.89881780829424e-09
0.35466671726913285
5.2474402688649876e-08
0.55994408600197
0.9999999935352993
2.844955139000762e-09
0.6176939406943452
0.9544818973150998
0.09690861869252437
5.340394837003832e-09
0.24626321544799928
6.161804881338615e-09
0.5599709565696626
4.938658010346627e-09
3.4609834134560544e-08
0.24275561333954518
1.6032618529671294e-08
0.5309113404710354
2.2614808735107004e-09
1.582201982355716e-08
0.14318542300176457
1.883719519588732e-06
5.259633564083957e-09
1.1609203116614136e-08
1.9638607163166337e-08
0.6343263300591835
4.790127357791595e-05
1.0690074370194958e-08
8.166105981466396e-09
0.622849521343217
5.153458029966359e-09
5.8201306130793e-09
1.1009761692544119e-08
0.15297623829375168
7.93048751225684e-09
0.01898885997938516
0.10177677745204418
4.729145966991856e-09
0.8472666843744575
1.0471374517615142e-08
0.9999984884020325
5.406889437984725e-09
0.4552385753586288
0.5577573665561844
7.431107757385323e-09
0.024646074802901596
0.5474747891534584
6.284080745705175e-08
2.8764007256993464e-09
1.8577217797947307e-09
9.824244411048381e-09
0.4675253027211279
0.06988655645896648
3.5082555669742166e-08
0.20747440649143878
2.484534246937989e-09
1.8477593324747072e-09
0.5004328421224857
9.090065015569764e-09
0.1745804091911999
0.3566074569506149
2.0447185025112377e-08
2.910983707937852e-09
6.310926938095393e-09
9.204792407939904e-09
6.605081950583435e-09
1.567585051331049e-08
6.294153946857895e-09
5.801258467051477e-08
0.38242944132093987
2.5573026366079197e-09
0.9999999894906165
3.940997890644896e-09
2.0111757741911712e-08
7.7774353096792e-09
3.196376892001611e-08
0.3836028696970971
3.278380825706341e-07
9.97841332460572e-09
0.16610412133950905
0.9999999942514967
2.3910539779181578e-08
0.3707153205306036
0.9999999816552703
0.921459560475908
0.9307376606828263
3.1573942803648582e-09
0.3240278304825353
0.9999999887689902
2.002448850056478e-08
0.5806674231800932
9.650634110736822e-07
0.3538285083692052
0.1752397912383061
6.578595790970927e-09
0.9999999778764546
8.735186772895834e-09
8.251643342424458e-09
5.340505899229922e-09
0.09562338617988571
6.860056086345118e-09
8.734540265027784e-09
4.111621169512166e-09
2.5427137761185572e-09
0.13735548277411608
1.0851220441718851e-07
0.01990402614677975
3.208249769942166e-09
7.890424561624123e-09
0.06971232991441252
1.4131724647422257e-08
1.9659581210612108e-07
1.0430473700683918e-08
0.6458386809187437
0.07208493807988023
4.168163173510616e-09
0.9999997934424486
0.9999999434047413
0.49418328769292713
0.9309603799452995
0.4831057387485867
6.06374086840908e-09
4.322319699689203e-09
3.4308962457639845e-08
0.23170282110375112
1.2860862847832236e-08
0.8725259235342927
0.9999999917723862
9.631687997595445e-09
0.29695647449484297
0.9999999854383438
0.3681642810572603
0.9999999956553784
8.700919821163809e-09
3.3507937276539264e-09
0.12904950207682298
4.992716903637503e-06
0.0504984811292828
0.32562899670270373
2.968623790391486e-08
0.30761733052712303
3.194942886563131e-09
5.753882302746859e-08
0.7894738410916845
3.644361189754295e-08
4.223375643173995e-09
9.597786663900163e-09
0.8130111017222295
0.7964001634320204
2.8838598160535085e-09
0.9999999616838464
0.6908870270416446
7.976358477018391e-09
0.9999999941782624
5.358226446981924e-09
0.4566747419110334
0.9999999755872432
5.327884726324237e-08
0.8835418661993909
7.088756033431021e-06
1.0120908403283134e-06
0.3550414249749515
7.454007878258654e-09
0.033080698544040076
0.5240256022315243
2.8102236857124217e-09
0.1641574350443335
0.3539490924994551
0.061936998444067914
8.643189183954957e-08
2.612129470354492e-06
0.4215418533679011
0.07137161295251984
2.6571170691248413e-08
1.3156205831643042e-08
2.8589399756766495e-09
6.0291055974231086e-09
0.2222407451719766
0.15498275690080715
0.9431755751956631
1.1499436214337926e-08
1.5040569001888088e-07
0.3293016983806072
1.5998566728191972e-08
2.4780217081313618e-08
0.38039133308317874
0.9999999945763264
4.221409797968696e-09
1.4539520651817404e-09
1.4428203083585354e-07
0.2189993689033981
0.2203887421145646
0.8451997296713842
3.647052306634672e-09
3.1914732553531235e-09
0.02204693885517004
0.5296232712375938
8.945019139361624e-09
6.215262259057925e-08
3.5638259929601856e-08
0.43192490951233004
4.0517868975915854e-09
0.13180488103139232
0.6317393629770144
3.6281193895253593e-09
0.9999999968764893
0.06345039364367396
0.9999999811948697
1.8375333011039686e-08
1.4712072434250194e-08
7.2491939019912395e-09
0.7526116773895896
1.2339069094188453e-08
0.17819433415522984
3.566933200507305e-08
2.4726953856511314e-08
0.35610936063441595
0.7528758259131767
0.6505621127464393
0.7937613630988578
9.662707598470286e-09
0.32107965301459895
3.859279440802818e-09
9.72513084324838e-05
0.049466102742215
6.634610583951285e-09
0.239077941433288
0.3849198081613605
3.7902921605954304e-08
1.1877085109004311e-08
9.309927416139351e-09
0.5981579488461657
0.556886022636486
0.9200471326573989
1.1696031296523095e-08
2.9898066638031044e-08
2.513294894949279e-08
0.724561995976644
2.4868346006242708e-08
6.87382664012469e-08
0.3104934182284161
5.920759564281605e-09
0.5862827618620119
0.9999999934440248
0.43303900011771873
6.9381625903754595e-09
0.0940708330763811
0.8712013806259744
0.18407886587020644
1.2139846108961385e-07
6.092868163373953e-09
9.229757930795092e-08
0.1346381417078977
0.10961112401997472
0.1928974774645981
0.3607696313938641
6.854399068923303e-09
2.978672213938318e-09
1.3983581762043407e-08
1.9523387257644608e-09
6.251875626682143e-09
3.3051487255680844e-07
0.9999998529677455
1.741849730916386e-08
0.49509777283522516
0.44378441808632524
0.9579323734032149
9.71293342415273e-09
3.070044841042926e-09
0.913767733286885
5.6580032505236015e-09
1.1893776352266895e-07
1.0002688366781712e-08
0.9610681322326035
0.9999999475717526
0.9999999978605301
0.6299663528030306
3.093123755005618e-09
6.0523320212446204e-09
0.13857469347911305
0.2682555964115024
4.5947700283105404e-09
0.27825095356086266
0.7349931055083987
1.1336287280081804e-08
0.2682475378495236
0.33325927894462204
0.8383772324006228
0.14746833317975347
7.29756665491108e-07
0.9999999872356091
0.9472465872092721
6.754194634976274e-09
3.139219402284872e-09
0.0003746249238506221
0.27136777669561407
0.04393652337967184
0.9999999511131047
0.9999999891072618
1.757393534422889e-08
0.4078858800716473
1.1237426159724674e-08
3.5123760141372684e-09
4.138501286568876e-09
7.691687885203693e-09
1.1449813535066072e-08
0.15312467948721098
1.3531771765587303e-06
0.5168170588563885
0.9999991292195436
1.6391004940426422e-08
0.9999999494971424
0.5495016860770829
7.247581347697594e-09
0.00012325906442374788
0.6132971753695788
5.915494007223625e-09
0.6270573566999463
8.716747188751418e-08
0.9999999945586061
3.147880382415271e-08
3.523347685795602e-09
2.55788567621872e-07
0.37852957119611447
1.6121575870910724e-08
4.820571775181893e-09
0.9868527959652714
1.6767904950853723e-08
0.9999999837096064
0.9999999928937807
4.526356249831838e-09
9.662431998950931e-09
0.1341199643569975
3.800310634798091e-08
0.9999999910282499
0.08226167203172018
0.4347312429364585
7.085268643427217e-09
0.18514977371523317
0.409226639474374
5.664081813718018e-09
0.9999999952851424
1.4683478060743343e-07
7.16822087081534e-09
0.19992458229364832
0.4631486276393526
0.888694014863457
2.182395421479648e-09
1.5350890821860865e-07
1.7968211344651495e-07
0.12870146958674575
0.8039826813338693
1.1107980292257543e-08
1.0463637853470484e-08
3.5403152863254904e-09
0.31652854615275017
0.0011054598963070755
7.867972382631167e-09
1.7056455993961886e-06
0.9999999897837035
0.09574756188747653
0.27738737525570123
1.6732525015207162e-08
3.016881648593991e-09
4.076282212624914e-08
3.1676275104871656e-08
0.9999999878219571
1.2080241763485376e-07
0.8950942715386867
0.4878945664255582
0.3527576688372007
0.18866521117868917
5.052351633584975e-07
0.6019501266102543
0.36411155044705296
0.5819970723564628
5.4457494221483084e-09
0.999999993108421
0.5513087512439687
0.9999999935763484
0.8310740136884226
0.9068625875121425
0.3117917990471657
0.7065100814084987
0.3126441637969616
0.3588455113219694
0.1260588979566119
2.4624382905801775e-09
3.39253666136532e-09
2.869256608832947e-09
4.46590201640882e-09
3.138037591266086e-09
6.286837659827792e-09
0.29130462998191325
6.608080666183326e-09
0.4116724523486869
9.84844357181586e-09
0.14740073917231994
5.0991337802009256e-08
1.7179900233659065e-08
0.24430162609627995
1.0088558296403088e-08
0.00024338447794567232
1.5779991709171165e-08
0.1896759912808819
0.01774167876328727
2.827066539009494e-09
4.415284750085744e-09
2.175538208735986e-09
0.6052583790965139
0.3544453816235465
0.17879131966787096
0.7665530396299013
1.2361074942417049e-08
7.415783057111682e-09
2.943412792987331e-09
0.0830430719497472
0.999999990263668
3.3688533747871003e-08
1.1549312490955323e-07
0.37286943861973
0.2577593590821048
4.030540209004113e-09
1.2338130012363527e-08
1.0943709315534733e-08
0.9999999760559694
9.92860503194748e-08
8.988318875232019e-09
0.5626984166051044
5.182319518978941e-09
1.4742663144790307e-08
0.13580407434413652
0.11423929100709776
2.1471823368381564e-09
1.177726431124539e-08
1.282402488972833e-06
0.8197616661004995
4.708671850088684e-07
3.25171750648044e-08
0.9999999924375539
2.346792449095422e-09
8.12073393275669e-09
3.84099472273801e-09
2.859960133308372e-08
7.640136503049307e-09
0.9999825165721857
0.29226468604696615
5.416379523374614e-09
0.8101242595938283
2.938434191518543e-09
8.898203295080567e-09
5.767171163427504e-09
0.6227340852421616
0.9999999962713508
8.266687983528306e-08
0.5698675723925866
3.190555658962157e-08
0.5398856095512191
5.271920731346706e-08
9.572963353916999e-07
0.9999996958022604
0.41280788533774115
0.7557613011985403
0.67317278719959
2.4390950169620433e-09
8.613321558088547e-09
0.5072849346305701
9.856955029853578e-09
3.401811191480667e-09
9.939293131415095e-09
3.3432598246107206e-08
1.401568816644667e-08
0.9999999969246768
1.818946833580487e-08
1.767408898894525e-09
1.8693148817196498e-08
9.538578806850475e-09
2.6347557281040846e-09
0.260724016839125
7.487468569507808e-09
0.41471994433469744
0.9999999649838183
0.4934755173013438
0.6315357528474087
0.6188002493471342
3.261623825969632e-07
0.9999999863394136
1.223937127123962e-08
0.9999999929832852
1.6441345308534036e-09
1.3344604203590962e-08
2.7455853914486003e-08
0.9451443311222419
3.868333952001443e-09
0.2432744089665423
4.614065685380369e-09
2.2237026926734216e-09
3.395427953783126e-09
2.005942932426301e-08
8.834344719282682e-09
0.14525950973992613
0.24015053517687343
0.20362040447929092
0.9999999974645714
1.0366507947084134e-08
0.10045729579721012
4.790993435629105e-09
1.4845635234438621e-08
0.3978452192786854
2.2895940014616904e-09
7.916843300477514e-09
0.45811639795922643
0.9999999971910194
6.7196915376537736e-09
0.2419514460135713
0.6998183926392872
3.016184230387912e-08
0.616233722918444
1.1210779990487491e-05
0.08837921737867217
0.9999999969162119
4.349444648414731e-09
4.303694158579406e-08
0.4159565900617624
5.176628361505611e-09
0.20469614561561542
1.3609519925464562e-07
2.039146286458571e-09
0.3254650602655743
2.1154163669114035e-07
0.999999994221363
0.21008065855860655
8.088649555675634e-07
0.4778990585624575
0.1338245464679516
2.8741762140677545e-09
1.216890857096794e-08
5.107085674289997e-09
0.01395517490353866
0.2358481585052506
8.324965481642977e-09
0.670541543478716
0.7233035415528047
0.999999995207448
2.2717627070776985e-07
1.010793754694023e-08
0.23365858071458817
0.8462883793856049
3.5875966132681073e-07
6.296650753712092e-09
5.860219497272902e-09
4.309000191659875e-09
0.9999999950390146
2.061221121779633e-09
0.12208261285029111
0.8987663667565112
2.499702302409686e-05
2.980109376039849e-09
6.279757822538385e-09
2.66332645316518e-08
4.815885835859487e-09
7.364539029167628e-08
4.057580795904079e-09
0.2541983200385036
0.9999999527629768
0.13493701406097786
6.048657983709638e-09
8.599763188839113e-09
6.919008521901339e-09
1.2580922238076924e-08
0.6996028133427605
0.946763834880415
2.611342036569136e-07
1.7540783254892412e-09
4.846799434486211e-08
1.3353972627170602e-07
0.23888534647879647
8.763854124153771e-09
0.4371933736557341
0.9999999900017571
0.999999968504066
7.725934908671275e-09
5.7765593851292e-09
0.29793523012764656
1.3890774219490358e-08
1.7876389479341413e-08
2.957049122494697e-09
0.1901623409759731
0.093123558385047
3.5396360382823732e-09
1.0327975200426422e-07
0.9999999919237295
6.3359854305392195e-09
8.717244932573158e-09
1.5625302699858425e-08
0.23179393922178188
8.648043518185695e-08
1.1130812856204842e-08
2.8049413972009284e-09
3.7902992923781624e-09
5.418095150907465e-09
2.059599769234055e-08
0.72148310299792
4.710891454303756e-09
1.502957709472769e-08
7.338285352554291e-08
8.79356028045857e-09
4.151781069164037e-09
2.326047905865418e-09
0.9999999960470014
0.7946709573124765
0.4018912768676208
0.08106281794458954
4.366001911280777e-09
0.17429786771401307
0.6438771964635666
3.847459683431981e-07
0.9999999978582704
0.22954673633820774
0.49240285868082395
5.419333736802816e-09
0.5779639261804238
4.260190168514014e-08
2.620415537996146e-09
0.7618652256662761
0.4989210539578979
0.8211172925373192
3.085162491069218e-08
0.9999999878203146
0.7945623979843384
0.9999999831884373
0.7770648844013305
0.9999999822713117
8.701605258295649e-09
0.9999999956983107
0.999999980558115
1.3765122167220234e-08
6.665240828751408e-09
0.9999999967791343
0.0016252636790102595
2.2961864827553375e-09
1.850660313482701e-08
9.661338280105653e-09
0.12558356073838853
5.097155071729463e-09
1.1518136116403992e-08
9.83259343170031e-09
9.4848997991992e-09
2.6400331821623185e-09
0.9999999970809433
0.7508614461787283
5.8812148292774255e-09
0.9999999861570178
2.806602642482546e-07
0.7746301345945665
0.9999999975641846
0.3738487900588363
0.25892745675130924
0.8576672854913958
1.5293001103767615e-08
0.08657734258328116
0.07957175497534065
0.9221039235392994
0.6685751939554502
2.5747957184954765e-09
2.0387226724281166e-09
6.812199635241606e-08
1.4687607707620144e-05
0.06959780824555813
8.480709756989227e-09
5.3972088805303735e-09
0.5652873468060102
1.138696004076795e-06
0.19334799904677927
7.92351968208446e-09
0.4336089957029629
0.8205556885418738
1.7898073836211273e-08
0.1705677542857649
6.222779111923458e-09
0.12967896807040305
0.6780554856678253
0.7046406953893283
6.015213084487604e-09
0.6370016324000732
3.7774730839279e-09
0.8509195676032114
2.2848570647824518e-05
1.2872760195458878e-08
6.364730114088679e-08
0.39166382258899246
5.26943336839239e-09
0.4646504224982441
6.0116250231401335e-09
0.1860485052900831
5.981146393184599e-09
2.4194640394540852e-09
0.08554873841051627
4.280300027557973e-07
0.24297674503987232
0.694853836691766
0.5757173960468588
0.07241330354318849
0.01622514256384503
0.045110952762009535
5.637308882106646e-09
1.1672849263991679e-06
1.3195971740943776e-08
0.6818726539629129
0.9999999930505007
0.9999999944927287
0.47429143337966384
0.9999997026181205
1.446347730505152e-07
1.0514831064010468e-08
0.6060693514784523
0.9999999073391272
0.06500747400218213
0.46633736802595327
7.798166737367032e-09
0.3191381759382405
0.7319258354386047
0.22049920996745098
0.9999999953882374
1.4325037236605438e-08
1.0169836600182923e-08
0.33050135202187075
4.553815232237317e-08
3.214346671496502e-07
0.32027679782604923
0.9999998838817304
3.5756996194529564e-09
0.3795155546956236
0.9999999963351687
0.5043149958052818
1.3640263538647565e-08
6.243079968702928e-09
1.7153702774998725e-08
0.9473974832006058
4.0011107128717666e-08
0.5044000293468963
9.560083734160436e-09
2.267757482695893e-08
2.729874134876339e-09
3.4090865815002305e-09
0.2882382570891908
0.1890051444977992
2.3602804626223416e-08
0.4905666816567914
4.114395864269102e-09
1.48458160916425e-08
1.4495752431285438e-08
0.9999999666877534
0.16517621967126594
0.9999997791748911
0.15490386383841015
0.4025937874822467
2.9992712439305235e-09
0.5335303937175081
0.3337111711148119
6.0416857343942165e-09
0.11516334363169657
0.9460908557675567
2.57944556271477e-07
1.1918360600595253e-08
0.16808665586532262
4.835050272074186e-09
0.07237843758468639
0.23711495199774446
5.920791806851779e-09
0.441833657394884
0.09961060483013437
0.9999999965514813
1.373620295829131e-08
4.457200850947786e-09
8.575819454115675e-08
1.3301764814685399e-08
0.9799238835689194
2.8866459978145852e-09
2.39143108455911e-08
0.5414800904476631
1.1625058232211039e-08
0.9999999836401126
2.670364197328172e-09
0.9999981137482129
0.8708149642456001
6.098594633318894e-09
0.040162978912459124
0.9999999759708063
0.9999999974666322
0.09458089685134284
5.609940038748936e-07
0.35623742692461074
0.015015634194926472
0.3517407933119773
0.1369110008409498
2.122025455696106e-09
1.3737558597872712e-08
0.790094100806325
1.0471125569494893e-08
0.5543313281110555
0.8489052177328342
4.608975941716734e-07
4.671736676428867e-09
1.6639601499084284e-08
6.109699475507951e-09
1.0036836791071022e-07
0.40668034251224294
0.8043083491749057
0.28232580624128034
2.502141758640866e-08
0.7770801292669668
3.8955046862429325e-09
0.5620691897491197
0.6036425442863682
0.9999999443673636
0.639902809975998
2.2873672684846653e-08
1.4555139932066762e-08
1.219632802693773e-08
0.11843418360794127
2.668918826025802e-07
0.13881624805707846
0.11778447640747877
3.517742799143585e-09
3.8015072090418385e-09
0.13641491126459726
4.190985900440225e-09
0.649204530971016
5.671810524237217e-09
0.23729197351868547
0.999999976441042
0.4364898156304594
0.9999999693134345
4.198195479049934e-08
8.525754200608129e-09
0.5120483711702452
0.452802278959543
4.5985938045888624e-08
0.9999999881503598
4.0374074415673445e-09
6.766105643899317e-09
1.594621149179499e-08
0.6607141623002555
3.3412664389477446e-07
2.560364961095735e-08
0.6204792365943083
9.376429926467022e-09
7.345813841215535e-07
0.06231775389760843
1.4432350495039006e-08
3.3394099279095864e-09
3.1936907374960994e-09
1.892384905401064e-09
1.0887452625018708e-08
7.959306173544981e-09
0.7189762136874513
8.633125489757748e-09
1.5440449553420724e-08
1.1725252081437894e-07
5.385851588609036e-09
1.8011761388050125e-08
0.08513591745349991
3.446722438742036e-08
0.14836236119027377
0.8548972133897177
2.1793933211417902e-09
3.979987640997807e-08
2.5039461015338483e-09
3.2938126323545003e-09
0.9999999894912625
0.331465529146083
4.103511869732828e-09
0.6563331931297626
1.1189052294468101e-08
1.0431376580902866e-08
0.9999999852135291
0.20790898994965692
5.978855963010733e-09
0.005587778194601753
1.4494318513271256e-08
0.04243525840551031
0.6491146390453547
1.530392495970858e-07
0.06875497882022973
0.9999481910668593
2.454772740087454e-09
0.9999999966114572
5.627306203337972e-09
0.4652832191428383
0.9999999263966116
4.9012551951183784e-08
0.9999993099534815
0.10306137937363267
4.480866828727242e-09
2.351925110625911e-09
0.1746820457375249
4.02065850544958e-09
4.070581376579142e-08
1.3274082044725611e-09
0.7696496722599376
0.3807851047435247
0.9999997676350023
1.4742901592781804e-07
0.4588311468331153
2.3535789383836896e-08
1.8508570369578212e-08
2.701818907114432e-09
5.6294611882903e-09
1.4902031094651425e-08
0.681461771796925
0.1963695633649211
4.0252753012041176e-08
0.8383988163778046
8.080543431234356e-08
1.3710842235091115e-08
0.302970917980574
7.855236218585432e-06
3.033382637944643e-09
5.409054609936967e-09
5.895344465408337e-08
4.598244218047487e-09
0.609885332679928
0.20206878472186582
0.3380938504513466
1.3520321326119293e-07
3.9717974832082045e-09
5.641674348538514e-09
0.37807741102141434
2.3700108811240578e-09
3.966146992135946e-09
0.5738889926832345
0.04378646698535625
2.006894777586967e-09
1.4286008433296507e-08
9.355445676612964e-09
6.6203277089395155e-09
1.0258173580888406e-08
0.9999999948170322
0.14239329583338103
1.405753502008761e-08
5.564816980346292e-09
1.3527717528718124e-08
0.49494849417005604
1.955226332117137e-08
5.614529791499737e-09
3.817022600476227e-09
0.28669097911478264
1.1167965904347504e-08
3.424463542156435e-08
0.575876207117404
1.1662625782518939e-08
0.9999999909720302
4.827066095455741e-08
1.4814668373943082e-08
0.99999999384157
0.5512340963607082
1.0302841935518398e-08
0.5612754512577992
0.412120087755665
3.973106687272758e-09
4.81251313778134e-09
3.400627130507444e-07
5.1983729705024896e-08
0.25655299929985803
0.5360602288506194
0.9020153455311027
1.0637824240507775e-08
1.7332014788673946e-08
6.610137672348727e-09
2.1594294312068953e-08
4.601695307560858e-09
0.9356640218926395
1.4025922196201493e-09
2.0827491516906316e-08
2.5447866839613072e-08
1.4784506143346138e-08
3.4357131755831107e-09
8.04980385192379e-09
0.21976456043367734
0.9999995939951155
0.04464252234846351
0.05097608511989365
0.19827180922057144
3.741178937866921e-09
4.564942405574911e-08
4.6153615655326e-09
1.4134534273075303e-09
1.5270721246843462e-08
0.9999996438324716
0.32054618513592337
3.497862817043638e-09
6.764415441722591e-09
7.673689247610681e-09
9.290907273204528e-09
0.285147886189237
1.4109986777382509e-08
4.0998243022954937e-07
6.691821240890657e-09
3.170978925373897e-08
0.21771357520590243
2.3277306036674792e-08
3.555037234007263e-09
5.174267636369847e-09
0.6787393825494629
5.582360869453148e-09
2.2332282350187195e-06
0.9999936341847437
4.387239385669101e-08
0.036139634058238515
4.820583149852753e-09
0.9999999827542637
5.253098554845826e-09
5.4050834490983495e-09
1.256982952671319e-06
3.769105557174219e-09
1.6591507002708282e-07
0.9999999975407644
0.9999999939639856
0.6391463860746428
6.548820339147881e-09
0.45356933885571604
2.0307746186911748e-09
2.3409827241053973e-08
0.42147066700587377
5.855501307393418e-09
0.4824777186982148
5.787064288975085e-08
0.18431001951721215
0.8975762742655823
0.5619625634624162
0.5212905410814104
1.2844215967740835e-08
2.9442991805913935e-09
8.779996018878497e-09
4.659839991435681e-09
7.957510411959186e-09
0.9999999940350427
0.18639549738192135
4.404814042396826e-09
3.290922467761583e-08
0.13784480663314025
1.0158282969466355e-08
0.5190615377391202
2.9067317010856477e-08
0.4613065516923619
1.615730952754088e-08
2.828506120004765e-07
7.80918313503329e-09
0.6097051501458817
0.23585000992415453
2.6383106833567346e-08
1.2748896795545114e-05
0.9999999955976355
0.9999999956090186
0.23568439034845226
0.9119244965524266
8.374921697798477e-09
0.08261234609642669
3.884969755327233e-09
0.5355773300801306
0.9999999752354128
0.42241522747122984
0.9999999629825146
0.40748688032130803
2.7702353036047825e-08
0.2182036935983544
0.31670422115898866
3.407784055386651e-08
0.2527976764114284
2.4055142094950727e-08
1.2628176951616076e-08
0.19737214957495705
0.3025582580969116
3.87356318062672e-09
9.183909573455429e-09
0.46142373166691664
1.0768039167002736e-05
2.4214284884024045e-09
0.4160406691102344
0.5284637613203761
5.29904606941547e-09
0.6525710233021214
2.624572981572825e-09
0.482335265370675
0.002479766751814375
0.26444474516977795
1.1564520900076947e-08
1.2278737895272733e-08
0.9999999882056826
1.6010407820967455e-09
4.787635958642318e-09
0.9999999940387853
0.710421526310333
1.860911632545577e-08
0.7081203966286667
0.2144435287953868
0.4107387997171036
0.6415158324653906
0.7439641052514137
6.934341258177814e-09
0.41741382213601225
0.571767484348511
4.540739437932571e-09
1.30521108678095e-06
2.4961442050258928e-08
0.9999999936220615
0.9999999891111503
7.21478815811781e-09
3.4532815674891984e-09
0.3851855354315679
0.03106621762274425
0.9999999970300952
1.1599971456638722e-07
3.372712189470363e-09
0.9999999898706318
5.1097793452541555e-08
6.403987156811346e-09
5.593655894066008e-09
1.4234721928613903e-08
3.241051350893584e-09
0.24321626862153306
6.294874144559774e-09
0.46636346890259817
0.547321909089264
8.530882964148953e-09
0.8789660819216794
8.775294206535189e-09
0.63038625009979
1.8708710070737025e-09
2.845743779063422e-09
1.1552700672129822e-07
3.414685229665351e-09
0.6230478072638005
5.467402700721468e-09
2.339279171354767e-09
0.91899445456926
4.8841928878371e-09
2.1827184477992984e-09
2.940586939795046e-09
0.9999999827966868
0.503369770701928
0.08443648637717631
5.613069939948148e-09
3.7895932462831616e-08
0.27375045759605887
5.309995465681832e-08
2.8643841443108174e-08
4.459585291515346e-08
0.9999999970536786
6.962965487473165e-08
0.5214737312449244
0.7222101344818891
0.9235801213355936
2.0388024624823354e-06
0.06150989732671591
0.9653776160837223
5.6694438380414843e-08
0.19919398549072206
0.09277956251077372
0.16529535299151327
5.032475938812861e-09
3.124204513248637e-09
1.4445481405321386e-08
7.221704749833772e-08
0.7617514072816045
7.1808951076197566e-09
0.9999999773416626
1.8172869765412486e-08
3.4612731272739756e-08
3.8956562090685534e-06
3.6138157417245114e-09
0.6374173470679366
6.342480611518041e-07
0.22621648747108505
2.3223712096733334e-08
0.018226170215534146
2.239967034944279e-08
1.1094759615475964e-08
1.2817288048173757e-08
0.0001473226567536991
1.9454624205674613e-09
3.9638154880661246e-09
0.1308170730976133
1.555160713193826e-08
0.9999999628664205
9.734318806494111e-08
1.518152274028324e-08
0.24434574909026455
1.5141515537516393e-08
8.913345528551738e-09
0.2068934774726447
0.5472359644226018
5.305635129538234e-08
1.0539995821093068e-06
4.4882782273637075e-09
0.13396362997387048
0.0734309956699695
1.1320932735676066e-08
3.4811077186488294e-08
0.16197445009734368
6.026035486262958e-07
1.930408375539463e-08
1.8527009365727e-06
2.367807115017154e-08
6.792438078272715e-09
1.350438481400004e-08
3.47006312005314e-09
5.208097370628553e-09
0.2853112715384738
1.0401744157585129e-08
4.070581397809527e-06
4.174268428994908e-09
0.020132924191459792
1.3598849691113874e-07
4.4791313727889827e-08
0.999999956390792
0.4438746948334437
2.7166581200693717e-08
0.9547452449091286
0.002254650081915586
0.9999999917726887
0.24316158329337353
2.6573469000838976e-09
0.999999974571742
8.772010223819869e-09
4.62936980280697e-09
8.593909887186822e-09
2.8916995822090876e-09
4.917538920306618e-09
1.7508407595978792e-08
0.9999999943991416
2.0250578341440167e-08
4.1613345444263346e-09
0.6313001815575098
8.145698111949332e-09
0.672900324322955
0.04275197089012501
0.9999999905925625
5.276107865419647e-09
3.4442523260961296e-09
0.06837440133722772
1.210335336618554e-06
0.058873312050055526
8.095418789691311e-09
0.9999999836954085
0.5204634100457775
3.852364676671572e-09
0.14171678441885271
0.9738171080997888
0.8069544049876195
2.552501619998484e-09
4.755396704397716e-09
3.808789743460154e-08
5.339784494219536e-08
3.300778506683715e-08
5.1777815195477585e-09
2.344757969424118e-09
2.549491888622536e-09
2.4746165414685598e-08
0.0574538955198092
0.9570491640378629
0.35266367056358744
4.951696392106508e-09
3.527148623125623e-08
1.729208462513111e-08
4.368778889705672e-09
6.981724439823426e-09
8.327048071899472e-08
1.2032747472270343e-08
3.330825967926688e-09
1.0536423427385082e-08
9.635582686572227e-09
5.013907164144121e-09
0.32954926120216377
0.4106314143008562
2.681006174305154e-09
0.02388622115976887
0.0274653659126324
0.32813215361361486
0.15161800680753695
0.9999999947392363
2.8041215566984144e-09
1.0180728873835473e-07
0.5609834877580383
9.769360378380762e-09
6.7133829155925505e-09
0.349938457175381
0.4280474137051043
8.499286470302511e-09
3.935727622526051e-09
0.22135802118139306
0.9999999879031601
0.6308434664799197
1.286191403608902e-08
2.043663103745087e-08
0.8992625368475392
5.225496843870191e-09
0.8897166656515262
2.209817563406257e-09
0.03040291086988079
4.446976668738884e-08
1.8574608829847168e-08
0.030632284665362823
0.29934038049679823
1.6017321444244826e-08
2.0063484639946822e-09
0.9999999936070537
0.6169337210895658
0.7935504023163207
0.9999999961722678
5.647328548746152e-08
6.691247759841098e-09
1.7643639947037428e-09
0.48763300681152266
5.186593917442372e-09
1.4243223894753694e-08
8.87880504128936e-08
9.318785374835842e-09
2.582621460397975e-09
7.694453495538411e-09
0.20066985635403536
0.19375012428492216
2.966446212718673e-09
0.6604904307813593
0.0625855551074712
5.530520876165377e-07
0.11703377807792416
0.5922519913524784
0.9999999872327202
0.528114232855441
0.2101577397916641
4.303856363499675e-09
0.999999990890325
1.1153831324655191e-08
2.471633989577443e-09
3.3238560414215106e-09
7.521932972293167e-07
0.41025628103261236
0.046715583478456384
0.020566780562826747
9.437657267222216e-07
1.722830277793336e-09
1.8616849707727294e-08
3.2262951905639074e-09
0.22254686940845483
5.762947435529413e-09
1.0992976978690284e-08
4.263924311728049e-09
0.712671143604231
0.5823187905501414
6.25032678731928e-08
0.9999999897975999
2.120338898635323e-09
1.1153448573300067e-08
2.7883177485049175e-08
0.9999999767128439
1.8110688262354363e-07
3.0715317367715537e-07
1.5745826169470592e-08
0.9999999888352225
4.592343836826793e-09
0.8416643836554071
6.241539059790781e-09
0.6183908916259339
0.49657034976750203
0.19825248822149294
7.730426325811012e-09
1.4687028414999137e-07
2.3830866033399796e-09
4.932135843658307e-06
8.974498477776587e-09
4.4325607440419815e-09
0.09929568258814389
1.8326587809191327e-08
3.9366210506862594e-08
2.032377195116518e-09
4.9509214177911984e-08
0.7859262079878677
0.44060188303136366
8.730366596232462e-09
0.6451831669915336
0.3393530786877204
7.142427923132907e-09
2.5649083422643917e-09
0.9625611874876826
1.1932685186092272e-08
3.585362110773186e-09
0.9999999964132503
0.13118789663570102
0.16922628000098608
5.481060740767897e-07
4.545780326667549e-08
0.10437064003826385
0.3313984341290621
2.8662503708970525e-09
2.9664896697066827e-08
0.9999999900768424
3.988968195227211e-09
0.2176718527526217
5.767698537427721e-09
1.793276667714273e-09
1.3914740555439058e-08
8.297235955705043e-09
5.712170222254096e-09
0.9999999098117098
1.5187799155965982e-08
8.069558218127379e-09
1.6324025904107962e-08
3.2991198428835526e-09
0.9999999943186123
8.703401129902118e-08
0.4743476286324881
0.999999832848098
0.9999999901051349
1.1177226034083334e-08
0.18383188065128842
0.8452847525940292
0.9999999744567512
3.76113877206042e-08
8.328267097080133e-09
4.856205592165299e-09
0.8613790569422247
0.9999999862396216
0.9999999845171205
2.0592624626113706e-05
2.978714145999601e-09
5.406088165469288e-09
0.40106362774379095
0.7783343235791909
0.9999999837041417
8.862230030473e-09
1.0952401328215968e-08
0.6129001335188835
8.063314930932856e-09
0.03435733109925916
9.500782504453104e-09
3.6112037764791686e-09
6.1576492325827886e-09
0.5871919565277459
5.938815904108619e-08
4.882334291732231e-09
0.39272432871486407
0.6169365373829883
0.9999999826372555
0.055462089437378806
0.15604193113873488
5.160607769622592e-09
6.5944227955467004e-09
0.8363920832723523
6.647817678911226e-09
0.6170805848234013
0.9999987974421899
0.057741130940953594
7.428465067014812e-09
0.015554604629945346
0.8144741559886924
0.2784766879156725
0.38678731530665494
0.3565049136655288
2.4102818509942616e-08
5.821296097518377e-09
0.007297641638627104
0.047527487487108194
6.79205698905433e-07
4.323132523917756e-09
2.9981034404437175e-08
0.7606505936085113
1.576452440366381e-08
0.999999997583242
4.053098313180676e-09
0.3025503610558023
1.5412811585412852e-08
1.119678109602279e-08
6.149744185717451e-09
1.538600269112943e-08
0.1399970809087079
2.425332425313693e-09
1.2098389342401748e-08
1.8231994078031212e-08
1.5238213647731983e-08
1.8982440375222667e-08
0.36835552740207744
8.787248504929797e-09
2.9589508637511058e-09
4.4399520064556633e-07
4.030446590002959e-09
6.74357106141327e-09
7.4137367593187354e-09
0.9999999896145777
0.8278934841446605
2.4926623948492736e-09
0.18743939407473909
0.9999999886161861
1.08731668409148e-08
1.7811874381947257e-08
0.049837275980213834
1.890183582061375e-08
0.5288715099995791
1.1929876382731288e-08
0.999999982810695
6.890885127962473e-08
5.204525235619327e-09
0.37723832181856937
0.8249193517858484
1.8951304435714562e-08
0.8580255546987083
0.9999999940312966
0.4574408997254958
6.618144032947141e-09
8.651630949185723e-09
2.9780092955937845e-08
0.2546404903365323
2.8824166494288167e-09
0.03209531041633042
1.7684518073770614e-09
6.9283004393054496e-09
0.2953399359082298
6.883275255305519e-09
0.6632629105177762
1.1067652351924617e-08
0.9999999893984557
0.5582018519896011
0.7067111516294013
0.4853722198677713
2.3237937731584361e-07
4.499278472527619e-09
0.9999999934347612
0.15439504069748047
3.1745061508876546e-09
0.9438440703957097
0.9999999839905707
0.34532262261050345
1.404079374742669e-08
0.4444029738973067
4.680321202723124e-09
0.7762644289918024
6.370865321181593e-09
8.323923510954815e-09
0.56340730491183
3.9842445478243544e-08
4.600113806072349e-09
1.709029056619132e-08
1.8279416667387964e-08
0.5114103923246337
4.156922068308197e-09
0.010867175091874204
0.9999999243502694
0.24751869577972452
3.498069355220971e-09
2.2069062397402235e-09
0.6898152514871402
5.158078457930568e-09
3.990027443903559e-09
0.6862001005636712
1.4232417619304816e-08
0.07740377781124977
2.5431308618645565e-08
6.759551920811545e-08
2.1839868396057032e-08
1.3155319624617116e-09
3.342791989152503e-08
0.9999999947734729
5.0516442949678156e-09
4.460397546035527e-09
3.3251110685940237e-09
0.33519135291403573
0.07543564347844374
2.2656480943809023e-09
0.5095192062911142
1.652670550032539e-08
0.9999999878951603
1.5551702647307275e-05
5.489852765530797e-09
0.06594234481493855
0.008080999963357656
0.595952066178921
5.2773684609098234e-08
0.811648306396971
2.8174090263522275e-07
0.4047562599301361
1.2229814792173751e-08
2.2147901224201286e-08
0.7384050834568192
0.5356351701307196
9.446137661276527e-09
1.3942258474943968e-08
0.12545849980643725
0.873128322149394
0.678773246298741
0.0501363117530241
2.8797014368098792e-09
0.42575956909082396
0.6745721228127822
0.0702900574861792
3.9105222156515347e-07
0.3312493531580296
1.611376049427841e-08
6.350053609450034e-07
0.9104814211123676
8.628929598637044e-09
2.4415629808522527e-08
0.33855438649860226
0.17877318522908525
2.3084118797701105e-08
0.3421779421292662
0.607819145684237
0.9999999832430821
0.9999999946785447
0.5257094585331058
1.1546916327642238e-08
4.013671061740668e-09
2.7752234907195358e-09
0.30926068384283767
0.9999999957964225
